/d/_Fuji/Current/2025-11-16-Юля-Миша-Мирон-Наутилус/DSCF8573.JPG
1
-0.0357331 0.0135848 0.101804 -0.0532537 -0.112614 -0.0565011 0.00366189 -0.110777 0.117625 -0.0517679 0.160909 -0.0264357 -0.251091 -0.0858288 0.00136264 0.121344 -0.0912374 -0.103856 -0.108197 0.0166932 -0.00218669 0.0374155 0.0416092 -0.00411856 -0.0690375 -0.314512 -0.118332 -0.115206 -0.00230856 -0.123763 0.0191035 0.1354 -0.17906 -0.0781358 0.0109441 0.0422238 -0.0715336 -0.0893939 0.242711 -0.0286579 -0.202385 -0.0398392 0.0472793 0.19186 0.176197 -0.0298387 0.0256921 -0.0430814 0.0479539 -0.254956 0.00565542 0.127585 0.0940569 0.0893894 0.0485742 -0.127638 0.0747665 0.102669 -0.24955 0.0780801 0.0221672 -0.173072 -0.0768392 0.0133708 0.213642 0.0788913 -0.0692677 -0.134674 0.141946 -0.171314 -0.0112346 0.123335 -0.140518 -0.163306 -0.240236 -0.0168154 0.29538 0.0757351 -0.19771 0.0319735 -0.114281 -0.0430767 0.0295264 0.0450729 -0.0091336 -0.00762012 -0.0604942 0.050533 0.196439 -0.0929978 0.0176828 0.262293 0.0114021 -0.0166881 0.0215169 -0.00955151 0.0304508 -0.0308186 -0.0800862 0.0105563 0.137074 -0.121591 0.0161755 0.0939559 -0.198937 0.0892898 -0.01265 -0.0289997 0.0605774 -0.114404 -0.0962849 -0.0581786 0.229291 -0.260693 0.243179 0.182781 -0.0724118 0.0675865 -0.00939667 0.0808381 -0.0338953 -0.0830286 -0.137843 -0.0250852 0.120886 -0.000646091 0.0109698 -0.00299675 
/d/_Fuji/Current/2025-11-16-Юля-Миша-Мирон-Наутилус/DSCF8574.JPG
0
/d/_Fuji/Current/2025-11-16-Юля-Миша-Мирон-Наутилус/DSCF8576.JPG
1
-0.0866904 0.117927 0.0943037 -0.0939516 -0.195319 0.0260665 -0.0202242 -0.0353379 0.101921 -0.133405 0.268562 -0.0802376 -0.22099 -0.0247889 -0.0508525 0.204903 -0.0881923 -0.107551 -0.139332 0.0215275 -0.00412293 0.0511559 -0.0167668 0.0388677 -0.070163 -0.395917 -0.00335119 -0.0557675 -0.00913175 -0.0493208 -0.0202969 0.104048 -0.111759 -0.0237323 -0.00653593 0.0499987 -0.139694 -0.0684158 0.174808 -0.0170852 -0.268691 0.056002 0.0534734 0.281889 0.153613 -0.0174823 0.0833949 -0.0748939 0.0655362 -0.276239 0.0570222 0.112975 0.0529804 0.0635223 0.0933771 -0.0869907 0.0387441 0.139078 -0.16717 0.0220102 0.0858347 -0.0333408 -0.0189276 -0.106533 0.215495 0.118644 -0.082393 -0.128061 0.15689 -0.12905 -0.0991165 0.0218632 -0.124854 -0.171777 -0.260842 0.0485922 0.352212 0.200659 -0.13591 0.0501873 -0.0162477 -0.0168346 0.0952644 0.0780196 -0.0428238 -0.0499684 -0.043413 0.050809 0.186665 -0.0571606 -0.00868705 0.257816 0.0738066 -0.048346 0.0198805 -0.0128014 -0.0445366 0.0425657 -0.139001 0.0420345 0.0437154 -0.0809469 0.0199663 0.0801207 -0.200685 0.171721 -0.0235081 0.0632132 0.0733782 0.047966 -0.0836852 -0.0375596 0.131816 -0.182727 0.176796 0.145962 0.107172 0.0982927 0.165152 0.00491865 0.0560152 -0.0480109 -0.200124 -0.0562561 0.120094 -0.034646 0.0340147 0.0982474 
/d/_Fuji/Current/2025-11-16-Юля-Миша-Мирон-Наутилус/DSCF8582.JPG
2
-0.0670498 0.0779494 0.140397 0.0185598 -0.0501231 0.000357236 0.0257045 -0.0199234 0.0904697 -0.0707823 0.304461 -0.0403558 -0.269621 -0.129005 -0.057407 0.138275 -0.0130544 -0.106956 -0.156344 -0.086614 -0.01191 -0.0105251 0.0251696 0.0408886 -0.0802584 -0.343349 -0.0458925 -0.0328109 0.0396741 -0.155425 -0.0513071 0.0455082 -0.150099 -0.105993 -0.00105515 0.0447744 -0.0733379 -0.0549063 0.22278 -0.0257412 -0.146834 0.0719875 0.071144 0.319137 0.227957 0.0446825 3.30675e-05 0.0064038 0.1355 -0.236837 0.0659822 0.122032 0.157265 0.0745097 0.0729477 -0.13313 -0.0562045 0.199729 -0.167027 0.112213 -0.000398173 -0.0962921 -0.0573271 -0.0853064 0.190619 0.0758673 -0.188123 -0.12164 0.193482 -0.144057 0.0511992 0.0902274 -0.125727 -0.149212 -0.208705 0.168424 0.343175 0.113097 -0.22972 -0.0659962 -0.0156907 0.0118229 0.0177313 0.0856348 -0.0404491 -0.0934096 -0.0962386 -0.0501958 0.128098 0.0564325 -0.0731943 0.227686 0.00572977 -0.00958983 0.0543729 0.0632483 -0.157444 -0.00448842 -0.173586 0.0374253 -0.0144064 -0.139368 -0.0225703 0.0462223 -0.0518777 0.172617 -0.046283 0.0855452 0.0186618 0.0287242 -0.115095 -0.0373893 0.127553 -0.252349 0.204235 0.134926 0.0774277 0.0924326 0.127471 0.0802687 0.0732118 0.0189362 -0.122682 -0.112992 0.0423677 -0.118046 0.0814597 0.0103781 
-0.116085 0.0305064 0.0697291 -0.0745536 -0.195625 0.0203822 -0.0253798 -0.0137111 0.123226 -0.130618 0.22652 -0.0576909 -0.222104 -0.0288983 -0.0304352 0.191973 -0.0954093 -0.0952106 -0.112013 -0.00403968 0.000507945 0.061636 -0.0450687 0.0776925 -0.0956707 -0.395388 0.00835115 -0.0645109 -0.0168642 -0.0375135 -0.0268288 0.120497 -0.120753 -0.00486589 -0.0200039 0.0856976 -0.155358 -0.0901745 0.191769 0.0329968 -0.234758 0.0382716 0.03046 0.25404 0.172057 -0.036379 0.0748836 -0.0707634 0.112909 -0.306159 0.0646327 0.137187 0.0692098 0.0657811 0.0874264 -0.0831363 -0.00370872 0.154876 -0.217585 0.03197 0.0333726 -0.0173624 -0.0295773 -0.127497 0.201278 0.144337 -0.0910421 -0.119951 0.190172 -0.152352 -0.100916 0.0384384 -0.121119 -0.211058 -0.252329 0.0961694 0.327497 0.199559 -0.126823 0.0229517 -0.0154536 -0.0832345 0.069109 0.079046 0.00386722 -0.103574 -0.0134927 0.0500901 0.194015 -0.0307474 0.00629891 0.260733 0.0992974 -0.0537037 -2.75113e-06 -0.00833283 -0.0600953 0.0387639 -0.142296 0.0202784 0.0174925 -0.0495693 0.0379752 0.0635936 -0.165653 0.18986 -0.0136769 0.00233227 0.058876 0.00187434 -0.131921 -0.0376349 0.133477 -0.177845 0.177584 0.1043 0.148494 0.126799 0.114568 0.00678646 0.0531036 -0.0605087 -0.196947 -0.0365538 0.127766 -0.0269853 0.00468392 0.0861792 
/d/_Fuji/Current/2025-11-16-Юля-Миша-Мирон-Наутилус/DSCF8583.JPG
1
-0.0843497 0.0823475 0.157847 -0.00555906 -0.0623445 -0.0225491 0.0577611 -0.0324693 0.106232 -0.0655173 0.300155 -0.0437612 -0.28369 -0.155289 -0.0374381 0.116608 -0.0357125 -0.11081 -0.148049 -0.0774399 -0.0014936 -0.0447921 0.0412652 0.0495761 -0.0818584 -0.33704 -0.0410171 -0.0440107 0.0403343 -0.166174 -0.054523 0.0299408 -0.17116 -0.125389 -0.0208445 0.0515369 -0.0751998 -0.0684432 0.21058 -0.0801038 -0.1421 0.0608015 0.0551243 0.303399 0.229121 0.0375482 -0.00885045 0.0138072 0.15477 -0.238691 0.0668397 0.106611 0.147243 0.0471065 0.102136 -0.141148 -0.055271 0.206461 -0.176939 0.118615 -0.00674474 -0.109416 -0.0477162 -0.105562 0.18345 0.0698285 -0.185692 -0.113033 0.176386 -0.140609 0.0557489 0.0858572 -0.12531 -0.151219 -0.222885 0.153855 0.33555 0.135501 -0.235852 -0.0674942 -0.0275053 0.0210529 0.0189917 0.0770789 -0.0481785 -0.0538937 -0.12833 -0.0269098 0.109322 0.0507309 -0.0861234 0.233657 -0.00506236 -0.00347813 0.0399885 0.0270282 -0.16242 0.00382642 -0.194898 0.0438447 0.0106869 -0.135885 -0.026293 0.0441286 -0.0496939 0.14155 -0.0401605 0.0873471 -0.020715 -0.00661422 -0.132956 -0.00690315 0.116739 -0.271292 0.226984 0.140333 0.0810417 0.0967871 0.11808 0.0270325 0.0848817 0.00788512 -0.102758 -0.10387 0.0669351 -0.111083 0.131179 0.0156652 
/d/_Fuji/Current/2025-11-16-Юля-Миша-Мирон-Наутилус/DSCF8584.JPG
1
-0.187729 0.130573 0.0740366 -0.0561833 -0.182916 -0.0294712 -0.0542369 -0.0845212 0.183124 -0.0190663 0.202276 -0.0288824 -0.236628 0.0543952 -0.0932499 0.16859 -0.136396 -0.101714 -0.0876654 -0.0411434 0.0118372 0.0125334 0.00919592 0.0303018 -0.0576066 -0.331479 -0.104103 -0.00685392 -0.025183 -0.0471438 -0.0168216 0.0802966 -0.133773 -0.0595918 0.113603 0.124001 -0.0306199 -0.102665 0.16916 -0.0477871 -0.217214 -0.0313569 0.103518 0.246381 0.187179 0.0255257 -0.0106951 -0.141475 0.126552 -0.194062 0.0327767 0.236383 0.0359347 0.0508813 0.07524 -0.175567 0.0552769 0.119191 -0.18993 -0.113885 0.0549853 -0.0168004 -0.0799668 -0.133807 0.143382 0.182781 -0.133846 -0.190211 0.202863 -0.0930901 -0.0065362 0.0529261 -0.17876 -0.223337 -0.23077 -0.0075253 0.463493 0.122321 -0.178417 0.0144841 -0.0867244 -0.0474587 -0.02026 0.0785329 -0.0973314 0.0134525 -0.108292 0.0271183 0.140911 -0.0235966 -0.0171784 0.169064 0.0517826 -0.0391004 0.0559748 0.161807 -0.132565 -0.002886 -0.217131 -0.0834312 0.06295 -0.0767488 -0.0230059 0.131898 -0.216863 0.168844 0.0391812 -0.00325723 -0.070304 -0.0590606 -0.0220861 0.0112339 0.162839 -0.226413 0.162844 0.122256 -0.026763 0.187776 0.0584053 0.0953536 -0.0129466 -0.0776956 -0.105215 -0.122013 -0.0253205 0.0087841 0.0189592 0.0493261 
/d/_Fuji/Current/2025-11-16-Юля-Миша-Мирон-Наутилус/DSCF8601.JPG
0
/d/_Fuji/Current/2025-11-16-Юля-Миша-Мирон-Наутилус/DSCF8603.JPG
0
/d/_Fuji/Current/2025-11-16-Юля-Миша-Мирон-Наутилус/DSCF8608.JPG
1
-0.117342 0.0776479 0.0643231 -0.130149 -0.170111 0.0352223 -0.057211 -0.0323649 0.108812 -0.146483 0.25409 -0.0689297 -0.218508 -0.0487683 -0.0207077 0.215348 -0.125695 -0.0952681 -0.124381 0.00293605 -0.0143311 0.0464028 0.00998713 0.0479842 -0.105206 -0.394745 -0.00123527 -0.0579162 -0.0387569 -0.0675318 -0.0378313 0.126053 -0.16888 -0.00239449 -0.0167345 0.0661352 -0.1152 -0.0619467 0.195572 -0.00270105 -0.21809 0.0117281 0.0225894 0.249648 0.156859 0.00221591 0.0669276 -0.03964 0.131889 -0.307747 0.0315531 0.124584 0.0495799 -0.00627988 0.0930561 -0.0601055 0.0424445 0.151227 -0.205322 0.0219061 0.0451208 -0.0431236 -0.0426472 -0.146953 0.252027 0.118833 -0.108602 -0.110615 0.179 -0.0842789 -0.0541479 0.0345049 -0.13446 -0.208723 -0.268324 0.0483537 0.375841 0.165043 -0.130909 0.0610082 -0.0164288 -0.0837871 0.0545099 0.0682149 -0.0503495 -0.0617096 -0.0333149 0.0586861 0.219789 -0.040914 0.00344941 0.241707 0.0412527 -0.0397781 -0.00723678 -0.0233315 -0.0604859 0.0196549 -0.100413 0.0681283 0.0178218 -0.118339 -0.0115961 0.100042 -0.181263 0.169999 -0.056457 0.0217262 0.0411858 0.0342317 -0.11799 -0.0662304 0.111541 -0.215406 0.138885 0.140726 0.077672 0.113548 0.0981244 0.052155 0.032559 0.0239524 -0.220046 -0.0991199 0.150672 -0.0497555 0.0452986 0.0782407 
/d/_Fuji/Current/2025-11-16-Юля-Миша-Мирон-Наутилус/DSCF8612.JPG
0
/d/_Fuji/Current/2025-11-16-Юля-Миша-Мирон-Наутилус/DSCF8627.JPG
0
/d/_Fuji/Current/2025-11-16-Юля-Миша-Мирон-Наутилус/DSCF8634.JPG
1
-0.149452 0.126019 0.0898758 -0.0640388 -0.112757 0.0219315 -0.0196904 -0.0331067 0.116999 -0.0200764 0.328367 -0.0587793 -0.219893 -0.0951623 -0.0301212 0.153204 -0.0952523 -0.085035 -0.153058 -0.076236 -0.00519588 -0.00886939 0.0258593 0.0694842 -0.0947403 -0.349918 -0.0152585 0.0193425 0.0726862 -0.0955499 -0.0128918 0.0511281 -0.212663 -0.0972529 0.0273857 0.105001 -0.0310244 -0.0466915 0.197328 -0.0447766 -0.16049 0.0176063 0.0646871 0.266936 0.148408 0.0829633 -0.00730346 0.00480801 0.101187 -0.228779 0.0829362 0.15319 0.125053 -0.0149031 0.0750314 -0.15306 -0.0216523 0.204609 -0.148459 0.00155983 0.0263188 -0.0418652 -0.0732561 -0.164955 0.203734 0.146344 -0.155029 -0.180159 0.127897 -0.050179 -0.00960571 0.097006 -0.108595 -0.120279 -0.307716 0.0957895 0.397539 0.128394 -0.26772 -0.0732357 -0.039709 0.0155633 0.0356558 0.0237919 -0.10668 -0.0455235 -0.16144 -0.0585643 0.103398 0.0808049 -0.0932977 0.174 0.0320796 0.00568329 0.0089559 0.0611942 -0.179627 -0.0203118 -0.156879 -0.0423352 0.047205 -0.0214339 -0.029649 0.134488 -0.128785 0.192104 -0.0349102 0.0620499 0.00427337 0.0652229 -0.0780934 -0.034927 0.103665 -0.246697 0.132347 0.125236 0.022995 0.115102 0.165213 0.0743094 0.0097685 0.0659091 -0.142455 -0.150272 0.0342772 -0.126564 0.127748 0.0429682 
/d/_Fuji/Current/2025-11-16-Юля-Миша-Мирон-Наутилус/DSCF8640.JPG
1
-0.125265 0.107817 0.0833293 -0.0240833 -0.088743 0.0075615 -0.0660064 -0.0216881 0.0818121 -0.101086 0.304024 -0.0262842 -0.179177 -0.149482 0.043314 0.116002 -0.0407278 -0.0981855 -0.195375 -0.0455586 -0.0316268 -0.0141847 0.00447749 0.0721805 -0.11164 -0.344303 -0.0250946 0.0284403 0.0782712 -0.106896 -0.019343 0.0210682 -0.203266 -0.114887 0.0454182 0.165797 -0.066105 -0.047034 0.209585 -0.0428952 -0.184422 0.0435448 0.0800608 0.269023 0.214617 0.0578975 -0.00429879 0.015491 0.174003 -0.230478 0.0871694 0.134437 0.185605 0.0314432 0.0899171 -0.155593 -0.00794236 0.247224 -0.169267 0.0233224 0.000175396 -0.0698076 -0.0730004 -0.0906839 0.184969 0.144516 -0.15638 -0.196553 0.146445 -0.113518 0.0300452 0.137246 -0.100701 -0.145623 -0.273449 0.116317 0.366542 0.143589 -0.258065 -0.070014 0.00257829 -0.00695017 0.037051 0.0570883 -0.0635163 -0.0975297 -0.105604 -0.0529286 0.150695 0.0983268 -0.0622961 0.165525 0.0561052 -0.0108133 0.0340667 0.00268241 -0.169736 -0.0335495 -0.174518 -0.0220456 -0.00622313 -0.0604518 -0.0174476 0.0771312 -0.106528 0.210522 -0.0167521 0.0668427 0.0349671 0.0590345 -0.118318 -0.0513229 0.110108 -0.250201 0.166778 0.117088 0.0569097 0.124394 0.199245 0.0959688 0.0687927 0.0665841 -0.123292 -0.139648 0.0179144 -0.123792 0.129023 -0.00167131 
/d/_Fuji/Current/2025-11-16-Юля-Миша-Мирон-Наутилус/DSCF8644.JPG
0
/d/_Fuji/Current/2025-11-16-Юля-Миша-Мирон-Наутилус/DSCF8645.JPG
0
/d/_Fuji/Current/2025-11-16-Юля-Миша-Мирон-Наутилус/DSCF8649.JPG
1
-0.122676 0.0576476 0.0809983 -0.12794 -0.148739 0.00237484 -0.0405387 -0.0683385 0.111964 -0.102423 0.249455 -0.048892 -0.185596 -0.110769 0.000965398 0.176289 -0.101539 -0.118628 -0.053347 0.0123632 -0.0309685 0.0558057 -0.0275531 0.0716909 -0.0919643 -0.414593 -0.0416866 -0.0656954 -0.00877038 -0.0131909 0.0106711 0.203896 -0.13337 -0.0434764 0.00835801 0.111316 -0.122745 -0.0514785 0.179104 -0.00590158 -0.230411 0.0245925 0.0440122 0.296438 0.151795 -0.0345257 0.0779463 -0.0136535 0.0656885 -0.276075 0.0458765 0.147642 0.00544359 0.0324084 0.096915 -0.0663545 0.0398271 0.131942 -0.240756 0.0416212 0.0501668 -0.0741333 -0.0326721 -0.112843 0.192272 0.140369 -0.0780487 -0.128405 0.202128 -0.122123 -0.091559 0.0507796 -0.148429 -0.184881 -0.279127 0.0679283 0.319699 0.194516 -0.125947 0.0670621 0.00513914 -0.0584387 0.0879749 0.056278 -0.00728719 -0.0646668 -0.0302781 0.0375512 0.182644 0.0365203 -0.0173326 0.256708 0.0546796 -0.0515982 0.0468581 0.0215009 -0.0112856 0.00480222 -0.182762 0.0284521 0.0479858 -0.0926152 0.0177924 0.124752 -0.183322 0.199665 -0.00286403 0.0381308 0.0417855 0.0278531 -0.0972628 -0.0188269 0.144629 -0.183021 0.185929 0.127886 0.112856 0.111424 0.117098 -0.00234152 0.00472107 -0.099926 -0.188284 -0.0848344 0.109984 -0.0399741 0.0381392 0.0943399 
/d/_Fuji/Current/2025-11-16-Юля-Миша-Мирон-Наутилус/DSCF8658.JPG
0
/d/_Fuji/Current/2025-11-16-Юля-Миша-Мирон-Наутилус/DSCF8659.JPG
1
-0.104576 0.0745662 0.0869394 -0.149603 -0.15409 0.0211005 -0.0325251 -0.0972029 0.175814 -0.115362 0.261197 -0.0754683 -0.242624 -0.0467624 -0.0147009 0.188943 -0.123533 -0.139533 -0.0265312 0.0313904 0.00552402 0.090126 -0.00902193 0.0763622 -0.0576007 -0.436444 -0.068941 -0.059109 -0.0356308 -0.0702357 0.0114796 0.174626 -0.139934 0.0198747 -0.0441397 0.104267 -0.139721 -0.0878589 0.181896 0.0309525 -0.252906 0.0141739 0.0336457 0.276445 0.192072 -0.0219601 0.0449393 -0.047355 0.0502931 -0.266079 -0.0030744 0.159026 0.0169294 -0.013065 0.0881789 -0.0715125 -0.00673206 0.0644745 -0.253258 0.027044 0.0787857 -0.109385 -0.0109661 -0.146357 0.192412 0.114096 -0.0695325 -0.108556 0.194644 -0.175711 -0.0930295 0.0855346 -0.164863 -0.199281 -0.283101 0.00214001 0.316561 0.133956 -0.0684909 0.0539288 0.0238576 -0.0619507 0.041784 0.0756987 -0.00590436 -0.0608103 -0.0971443 0.0642013 0.207862 -0.0255218 0.0168602 0.273858 0.0100029 -0.0326321 0.0107799 0.044034 -0.0177088 0.004192 -0.150823 0.0304589 -0.0179041 -0.0883715 0.00335852 0.118004 -0.164471 0.13984 -0.0247638 -0.00473386 0.00339872 -0.0161713 -0.0956961 -0.0438834 0.169861 -0.188264 0.113188 0.125058 0.0709082 0.0908448 0.040206 0.0481723 -0.0667515 -0.103643 -0.220783 -0.0451148 0.0694725 -0.010855 0.0391628 0.0841541 
/d/_Fuji/Current/2025-11-16-Юля-Миша-Мирон-Наутилус/DSCF8661.JPG
0
/d/_Fuji/Current/2025-11-16-Юля-Миша-Мирон-Наутилус/DSCF8663.JPG
1
-0.119398 0.178118 0.0214539 -0.0580652 -0.107153 -0.00225795 -0.0607096 -0.0838751 0.121862 -0.0457365 0.230696 0.0350937 -0.256945 -0.0953616 0.00590352 0.118388 -0.124671 -0.0917816 -0.162242 -0.110832 -0.0425244 0.0272752 -0.0593164 -0.0548998 -0.108503 -0.259419 -0.0574602 -0.118016 0.0942176 -0.0890944 0.0297549 0.0172914 -0.193791 -0.0678305 -0.00566543 0.0595825 -0.109362 -0.025819 0.167972 -0.0823038 -0.137957 0.00238049 0.0583452 0.234836 0.218508 -0.00943523 0.0502546 -0.0676998 0.111776 -0.215659 0.0381125 0.153858 0.0956215 0.132813 0.0617733 -0.182576 0.0291445 0.138679 -0.177751 0.0421576 0.0863535 -0.0872033 -0.119032 -0.0389003 0.203428 0.0844215 -0.0948118 -0.157022 0.211577 -0.163101 0.0118383 0.0767047 -0.100886 -0.166981 -0.245448 0.125051 0.372313 0.170853 -0.12735 0.0368159 -0.0558824 -0.0585269 0.0365012 -0.00416737 -0.103614 -0.0758189 -0.0606458 0.0669223 0.21485 -0.0423329 0.0627021 0.188756 0.0284435 -0.0210196 3.81246e-05 0.019467 -0.0857076 -0.0253164 -0.0641466 0.023235 0.094515 -0.19532 0.0332383 0.106425 -0.109499 0.179419 0.0211178 0.0634126 0.0113642 0.00516409 -0.0321738 -0.0558594 0.21983 -0.162819 0.289779 0.147854 -0.00861003 0.110224 0.100896 0.135587 -0.0235891 -0.0190555 -0.176403 -0.0915996 0.0112717 -0.0496571 0.0170756 0.052539 
/d/_Fuji/Current/2025-11-16-Юля-Миша-Мирон-Наутилус/DSCF8664.JPG
1
-0.108444 0.163624 0.0182765 -0.061235 -0.0992555 0.0113077 -0.0605601 -0.0659126 0.144572 -0.0629345 0.239754 0.0364836 -0.251936 -0.0878495 0.00162753 0.118034 -0.142085 -0.0830021 -0.159335 -0.11459 -0.021803 0.0265988 -0.0514558 -0.059962 -0.123614 -0.264034 -0.0658485 -0.123159 0.109822 -0.100465 0.049965 -0.00285719 -0.172606 -0.0437221 -0.0207762 0.0467688 -0.111885 -0.0404923 0.18577 -0.0790803 -0.148062 0.011401 0.0454397 0.234941 0.204484 -0.011937 0.0481409 -0.0757839 0.110486 -0.213833 0.0267309 0.168715 0.0744613 0.144611 0.068035 -0.162315 0.0352715 0.142927 -0.179561 0.0431792 0.0798101 -0.081179 -0.100175 -0.0518289 0.186699 0.0844255 -0.0935631 -0.170755 0.19207 -0.18612 -0.00175593 0.085807 -0.101657 -0.170405 -0.247158 0.104756 0.363599 0.178466 -0.113826 0.0376204 -0.0410861 -0.0747208 0.0410589 0.01707 -0.101726 -0.0682663 -0.0492646 0.0661749 0.215828 -0.0482194 0.0682566 0.193377 0.0318271 -0.0194895 -0.00752006 0.0147361 -0.0916149 -0.0198282 -0.0440935 0.0321599 0.0880718 -0.194972 0.0396671 0.0914779 -0.113873 0.199024 0.0151521 0.0512285 0.0146719 0.019345 -0.0284298 -0.0461898 0.234597 -0.16385 0.287688 0.16648 0.00843604 0.108967 0.0975622 0.14637 -0.0478835 -0.00218698 -0.180148 -0.0803484 -0.0205387 -0.0560076 0.0155781 0.0417874 
/d/_Fuji/Current/2025-11-16-Юля-Миша-Мирон-Наутилус/DSCF8665.JPG
0
/d/_Fuji/Current/2025-11-16-Юля-Миша-Мирон-Наутилус/DSCF8669.JPG
0
/d/_Fuji/Current/2025-11-16-Юля-Миша-Мирон-Наутилус/DSCF8671.JPG
0
/d/_Fuji/Current/2025-11-16-Юля-Миша-Мирон-Наутилус/DSCF8673.JPG
0
/d/_Fuji/Current/2025-11-16-Юля-Миша-Мирон-Наутилус/DSCF8674.JPG
0
/d/_Fuji/Current/2025-11-16-Юля-Миша-Мирон-Наутилус/DSCF8676.JPG
0
/d/_Fuji/Current/2025-11-16-Юля-Миша-Мирон-Наутилус/DSCF8677.JPG
0
/d/_Fuji/Current/2025-11-16-Юля-Миша-Мирон-Наутилус/DSCF8684.JPG
0
/d/_Fuji/Current/2025-11-16-Юля-Миша-Мирон-Наутилус/DSCF8685.JPG
0
/d/_Fuji/Current/2025-11-16-Юля-Миша-Мирон-Наутилус/DSCF8687.JPG
0
/d/_Fuji/Current/2025-11-16-Юля-Миша-Мирон-Наутилус/DSCF8688.JPG
0
/d/_Fuji/Current/2025-11-16-Юля-Миша-Мирон-Наутилус/DSCF8690.JPG
0
/d/_Fuji/Current/2025-11-16-Юля-Миша-Мирон-Наутилус/DSCF8692.JPG
0
/d/_Fuji/Current/2025-11-16-Юля-Миша-Мирон-Наутилус/DSCF8694.JPG
0
/d/_Fuji/Current/2025-11-16-Юля-Миша-Мирон-Наутилус/DSCF8698.JPG
0
/d/_Fuji/Current/2025-11-16-Юля-Миша-Мирон-Наутилус/DSCF8699.JPG
0
/d/_Fuji/Current/2025-11-16-Юля-Миша-Мирон-Наутилус/DSCF8707.JPG
0
/d/_Fuji/Current/2025-11-16-Юля-Миша-Мирон-Наутилус/DSCF8715.JPG
0
/d/_Fuji/Current/2025-11-16-Юля-Миша-Мирон-Наутилус/DSCF8716.JPG
0
/d/_Fuji/Current/2025-11-16-Юля-Миша-Мирон-Наутилус/DSCF8721.JPG
1
-0.024802 -0.0138601 0.0586496 -0.0964036 -0.152009 0.0289269 -0.0369039 -0.0664378 0.11657 -0.143799 0.208748 -0.0366876 -0.209911 -0.0495577 0.0106176 0.207357 -0.146807 -0.0942514 -0.0830863 0.0326305 -0.024531 0.0846569 -0.0114509 0.0790449 -0.114819 -0.417356 -0.0349539 -0.0541339 -0.0650639 0.00623847 -0.00581917 0.167209 -0.136048 0.0200686 0.0224147 0.0496436 -0.139939 -0.108928 0.202153 0.0734124 -0.257416 0.0214845 0.0556456 0.220115 0.147384 0.00489287 0.0730231 -0.0234328 0.105812 -0.312166 0.0388424 0.108141 0.0333976 0.0208021 0.094705 -0.0918256 0.028971 0.103102 -0.256577 0.0155228 0.0284327 -0.0553471 -0.0142728 -0.110433 0.191454 0.136525 -0.0789373 -0.113461 0.191789 -0.187656 -0.103424 0.0287892 -0.08336 -0.21438 -0.254933 0.00132093 0.309733 0.183436 -0.144231 0.0251153 0.0296528 -0.103027 0.0857191 0.0932825 0.0265635 -0.0545789 -0.0133338 -0.00876561 0.232958 -0.00179257 0.0267546 0.32658 0.0679963 -0.0761218 0.0404027 -0.020555 -0.0343872 0.0297424 -0.132002 0.046089 -0.00208911 -0.0766283 0.0173793 0.0789785 -0.215299 0.220364 -0.048902 -0.0314793 0.0656698 0.00369699 -0.148724 -0.0510178 0.14019 -0.220131 0.110606 0.117488 0.0998068 0.132332 0.0515391 0.0471184 -0.00813387 -0.0724915 -0.244459 -0.103952 0.118366 -0.0726415 0.0129269 0.0712586 
/d/_Fuji/Current/2025-11-16-Юля-Миша-Мирон-Наутилус/DSCF8724.JPG
0
/d/_Fuji/Current/2025-11-16-Юля-Миша-Мирон-Наутилус/DSCF8726.JPG
2
-0.045549 0.00505655 0.0451564 -0.121929 -0.143539 0.0320307 -0.0512961 -0.0393106 0.142071 -0.137204 0.235898 -0.050905 -0.187902 -0.0639809 -0.0239307 0.216357 -0.156403 -0.117883 -0.094789 0.0472027 -0.024984 0.0861831 -0.00127505 0.0829522 -0.100192 -0.408994 -0.0192829 -0.0431676 -0.0063983 -0.0400571 -0.0166539 0.156819 -0.158271 0.000687616 0.0181147 0.0755842 -0.130327 -0.107966 0.204617 0.074234 -0.282181 0.0460188 0.0292728 0.263521 0.171198 0.00337043 0.0458463 -0.0122118 0.107112 -0.340821 0.0308251 0.131164 0.0278409 0.00066443 0.097279 -0.0838444 0.0216975 0.136161 -0.223613 0.00513066 0.0265293 -0.0333818 0.0173691 -0.125707 0.189558 0.114919 -0.0844107 -0.114551 0.182124 -0.136193 -0.0827446 0.0540598 -0.102137 -0.208618 -0.248844 0.0275308 0.353066 0.178584 -0.105989 0.0716978 0.0332882 -0.0883351 0.0484588 0.0769207 -0.00920909 -0.0378639 -0.0262596 0.0201642 0.217844 0.00587554 0.015085 0.279763 0.0287956 -0.0572888 0.029282 -0.0219638 -0.0339072 0.0432668 -0.138379 0.0392091 0.0190975 -0.0676908 0.0233175 0.0973894 -0.193652 0.203868 -0.0450987 -0.016668 0.0654412 0.0369963 -0.113387 -0.0232517 0.126296 -0.217027 0.151947 0.126031 0.125172 0.115044 0.0917524 0.0183035 0.00903038 -0.0369153 -0.226142 -0.110886 0.112872 -0.0667953 0.0509237 0.0715452 
-0.110986 0.107823 0.0613146 0.0116354 -0.138232 -0.0292008 -0.012948 -0.099797 0.0652462 -0.0130543 0.164876 -0.038931 -0.191767 -0.0728874 -0.0516743 0.137873 -0.153039 -0.172548 -0.0367406 -0.0556305 0.00529848 0.0293461 -0.0100492 0.0560842 -0.112677 -0.308685 -0.0225529 -0.119421 0.0412623 -0.068913 -0.00783159 0.0793443 -0.169245 -0.00321602 0.0420633 0.0593305 -0.0336771 -0.0558702 0.201905 -0.00871264 -0.257709 0.000509184 0.08902 0.260011 0.159108 -0.0154085 -0.01361 -0.0217268 0.0934395 -0.209761 0.0388652 0.198102 0.14727 0.0434557 0.0230752 -0.119596 0.0289869 0.0558817 -0.11856 0.0339526 0.0747292 -0.0999138 -0.0113928 -0.0740321 0.159885 0.043499 -0.0554829 -0.078651 0.14587 -0.164587 -0.0790063 0.0593838 -0.073494 -0.169968 -0.197712 0.0516139 0.409352 0.174662 -0.187282 0.0518402 -0.0589804 -0.0180237 0.0439851 0.0806442 -0.117975 0.0214302 -0.0901378 -0.012977 0.211726 -0.0148516 0.0271236 0.213066 0.0213576 0.0101364 0.0662453 -0.0333701 -0.0281767 0.0119345 -0.0650875 -0.0309081 0.0556176 -0.184634 0.0272344 0.0965039 -0.242439 0.115213 0.0152864 0.0192498 0.0734739 0.104604 -0.0445803 -0.0772171 0.154807 -0.18868 0.211251 0.167474 0.00969261 0.128587 0.0932398 0.119076 -0.0315007 -0.0609997 -0.098385 -0.0985884 0.0891879 -0.0683093 0.026374 0.0439436 
/d/_Fuji/Current/2025-11-16-Юля-Миша-Мирон-Наутилус/DSCF8728.JPG
0
/d/_Fuji/Current/2025-11-16-Юля-Миша-Мирон-Наутилус/DSCF8729.JPG
0
/d/_Fuji/Current/2025-11-16-Юля-Миша-Мирон-Наутилус/DSCF8730.JPG
0
/d/_Fuji/Current/2025-11-16-Юля-Миша-Мирон-Наутилус/DSCF8731.JPG
0
/d/_Fuji/Current/2025-11-16-Юля-Миша-Мирон-Наутилус/DSCF8732.JPG
0
/d/_Fuji/Current/2025-11-16-Юля-Миша-Мирон-Наутилус/DSCF8733.JPG
0
/d/_Fuji/Current/2025-11-16-Юля-Миша-Мирон-Наутилус/DSCF8734.JPG
0
/d/_Fuji/Current/2025-11-16-Юля-Миша-Мирон-Наутилус/DSCF8736.JPG
0
/d/_Fuji/Current/2025-11-16-Юля-Миша-Мирон-Наутилус/DSCF8738.JPG
1
-0.183146 0.102012 0.0537079 -0.0510242 -0.181585 0.0120584 -0.0400391 -0.0599817 0.205472 -0.10638 0.19253 -0.0363401 -0.282542 0.0119296 -0.0493228 0.139888 -0.101243 -0.0782762 -0.112573 -0.0972716 0.00738289 0.0272875 -0.0466349 0.0403573 -0.163587 -0.272148 -0.122034 0.0224121 -0.0864564 -0.0571186 -0.0220622 0.104431 -0.123676 -0.0759447 0.0246103 0.105455 -0.0805184 -0.022312 0.134667 0.0497181 -0.154236 -0.032167 0.0817479 0.276154 0.225843 0.0618568 -0.00500249 -0.0937596 0.136662 -0.232323 0.0185342 0.22853 0.0974442 0.075743 0.0838659 -0.157458 0.024662 0.201938 -0.144937 -0.0102423 0.0679676 -0.102194 -0.0794276 -0.0774262 0.195831 0.170067 -0.13338 -0.173291 0.23965 -0.103151 -0.106626 0.0178063 -0.153319 -0.207818 -0.324107 0.0609109 0.403526 0.15432 -0.136416 0.0365484 -0.073859 -0.00682676 -0.0059381 0.0823809 -0.142739 -0.0622535 -0.0747933 0.00932843 0.14411 0.0233886 -0.00579912 0.2103 0.0710678 -0.00700879 0.0502549 0.0577355 -0.142332 -0.00438096 -0.154202 -0.0374863 0.072899 -0.132738 0.0421991 0.120391 -0.201399 0.22358 0.00551983 0.0369784 -0.0523998 -0.0371734 -0.0987495 0.0568072 0.172448 -0.268092 0.14218 0.114477 0.0106221 0.171458 0.154092 0.107682 -0.0026339 -0.00631247 -0.133381 -0.100292 0.0217092 -0.0553738 0.0495089 0.0990704 
/d/_Fuji/Current/2025-11-16-Юля-Миша-Мирон-Наутилус/DSCF8744.JPG
0
/d/_Fuji/Current/2025-11-16-Юля-Миша-Мирон-Наутилус/DSCF8746.JPG
0
/d/_Fuji/Current/2025-11-16-Юля-Миша-Мирон-Наутилус/DSCF8748.JPG
0
/d/_Fuji/Current/2025-11-16-Юля-Миша-Мирон-Наутилус/DSCF8751.JPG
1
-0.0673207 0.141634 0.0739955 -0.0285631 -0.138539 -0.0299211 -0.0596304 -0.041325 0.11674 0.00153858 0.249522 0.0233332 -0.236875 -0.0646291 0.0179164 0.142218 -0.137239 -0.0529999 -0.132378 -0.11621 -0.0269541 0.0181185 -0.0129497 0.00222756 -0.081959 -0.238493 -0.101719 -0.101026 0.125297 -0.0965457 -0.0173775 0.00185362 -0.189189 -0.0885809 0.0352949 0.0130837 -0.00414801 -0.0581032 0.10319 -0.0620063 -0.150336 0.0257169 0.029476 0.225605 0.190328 0.0284407 0.0197399 -0.0787615 0.0826824 -0.213215 0.051095 0.137118 0.0736933 0.114222 0.03843 -0.182538 0.0254739 0.157105 -0.140198 1.97233e-05 0.0657129 -0.0496553 -0.0746379 -0.133295 0.223125 0.0787145 -0.111136 -0.185208 0.143472 -0.132575 -0.0173571 0.0822643 -0.122411 -0.121063 -0.27877 0.142754 0.407888 0.196108 -0.207097 0.0287392 -0.130851 0.0046871 -0.0149066 0.0152258 -0.0769712 -0.0080479 -0.0719165 0.0121872 0.161438 -0.0811422 0.0807114 0.223635 0.0182988 0.0400977 -0.0128904 0.00737003 -0.0899206 -0.0227851 -0.0739623 -0.0104291 0.0625929 -0.131519 0.039871 0.117844 -0.186076 0.166713 0.0221794 0.0175343 0.021925 0.0579871 -0.00341282 -0.0748226 0.202819 -0.247445 0.261339 0.1998 0.0357339 0.116956 0.0524421 0.167686 -0.0653113 -0.0283283 -0.109912 -0.0620049 0.0408624 -0.0977852 -0.0338498 0.0438531 
/d/_Fuji/Current/2025-11-16-Юля-Миша-Мирон-Наутилус/DSCF8755.JPG
0
/d/_Fuji/Current/2025-11-16-Юля-Миша-Мирон-Наутилус/DSCF8756.JPG
0
/d/_Fuji/Current/2025-11-16-Юля-Миша-Мирон-Наутилус/DSCF8757.JPG
0
/d/_Fuji/Current/2025-11-16-Юля-Миша-Мирон-Наутилус/DSCF8758.JPG
0
/d/_Fuji/Current/2025-11-16-Юля-Миша-Мирон-Наутилус/DSCF8759.JPG
0
/d/_Fuji/Current/2025-11-16-Юля-Миша-Мирон-Наутилус/DSCF8760.JPG
0
/d/_Fuji/Current/2025-11-16-Юля-Миша-Мирон-Наутилус/DSCF8761.JPG
1
-0.151082 0.0741278 0.0943808 -0.0237764 -0.113822 0.014117 -0.010368 -0.0519888 0.0895431 -0.0848082 0.301181 -0.0272378 -0.216281 -0.112752 -0.0226226 0.120759 -0.0147086 -0.0661907 -0.178966 -0.109983 -0.0232562 -0.0196964 0.0328674 0.0633529 -0.108744 -0.352646 -0.0323108 -0.0337894 -0.0525192 -0.109355 0.00192851 0.0909058 -0.150578 -0.137627 0.0260828 0.111255 -0.0607912 -0.00910069 0.162235 -0.0513398 -0.107199 0.0260104 0.0774598 0.283366 0.218157 0.0711246 0.0300078 0.00408474 0.192615 -0.29309 0.0766148 0.0735225 0.133229 0.0271063 0.106746 -0.104647 -0.0363135 0.238949 -0.103121 0.0741789 -0.00172456 -0.061546 -0.0900548 -0.123581 0.209591 0.138448 -0.179268 -0.108714 0.138167 -0.0702596 -0.0139353 0.10273 -0.158016 -0.170432 -0.258168 0.150104 0.440393 0.136367 -0.202559 -0.120851 -0.0544347 0.0371977 0.000236006 0.024742 -0.0560384 -0.129791 -0.0738386 -0.0157166 0.170036 0.0741117 -0.116581 0.214121 0.0118975 0.0393394 -0.000780995 0.0437399 -0.138604 -0.00931539 -0.170712 -0.00650075 0.0211019 -0.0591372 -0.0113529 0.0691255 -0.122701 0.196443 -0.0795098 0.116111 0.0299294 0.0148691 -0.126476 0.0272737 0.133346 -0.229558 0.143016 0.142672 0.0782395 0.115405 0.144529 0.0106221 0.0788186 0.0399706 -0.152289 -0.11133 0.0890795 -0.104705 0.0697757 0.0025376 
/d/_Fuji/Current/2025-11-16-Юля-Миша-Мирон-Наутилус/DSCF8762.JPG
1
-0.124994 0.0170468 0.0441006 -0.109219 -0.142026 0.0394598 0.0110304 -0.120373 0.153808 -0.160523 0.254784 -0.0373995 -0.214799 -0.0576681 -0.0136676 0.211282 -0.215734 -0.155139 -0.0585425 -0.00572082 0.0208075 0.0741597 0.0410014 0.101346 -0.160778 -0.387208 -0.1107 -0.0886577 0.0288084 -0.0162724 0.0551606 0.12756 -0.221944 0.0404583 0.0168657 0.0661508 -0.079614 -0.127693 0.203885 0.0562516 -0.220876 0.0213569 0.0676213 0.211907 0.141689 -0.0269895 0.0339482 -0.0327155 0.0630047 -0.288254 0.0302134 0.154647 0.0815298 0.0413155 0.0242765 -0.133038 0.0703144 0.147447 -0.287503 0.0419491 0.0244243 -0.0810299 0.0247509 -0.000605967 0.179973 0.126548 -0.092194 -0.141899 0.247507 -0.144659 -0.0148378 0.0813548 -0.158155 -0.233885 -0.238964 0.038705 0.394403 0.151837 -0.119645 0.0234031 -0.0671097 -0.0524857 -0.0193732 0.0795671 -0.017645 -0.138949 -0.105831 0.0331141 0.205975 -0.00038074 0.00774756 0.317995 0.059214 -0.101675 0.0404007 0.0332529 -0.0905305 -0.0263838 -0.100127 -0.00373594 -0.0953506 -0.0802529 -0.0465438 0.132823 -0.200573 0.204056 -0.0417572 -0.121324 -0.0395345 0.00390493 -0.0950135 -0.052154 0.107102 -0.228975 0.159019 0.17431 0.0799246 0.195419 0.0258255 0.0919032 -0.0275861 -0.0634291 -0.180401 -0.111746 0.080403 -0.0817344 0.00722484 0.0421665 
/d/_Fuji/Current/2025-11-16-Юля-Миша-Мирон-Наутилус/DSCF8763.JPG
0
/d/_Fuji/Current/2025-11-16-Юля-Миша-Мирон-Наутилус/DSCF8776.JPG
0
/d/_Fuji/Current/2025-11-16-Юля-Миша-Мирон-Наутилус/DSCF8777.JPG
1
-0.112869 0.0475182 0.0651672 -0.0988102 -0.167465 0.0133287 -0.0613236 -0.0851011 0.118602 -0.147895 0.255029 -0.0221173 -0.205306 -0.050856 -0.0151113 0.160467 -0.13868 -0.116467 -0.05499 0.0258138 0.00648604 0.00733543 -0.00598156 0.0597343 -0.0492148 -0.408262 -0.0780539 -0.062605 -0.0237853 -0.027652 0.00578648 0.126702 -0.163081 -0.0216477 -0.0160856 0.0896874 -0.0834756 -0.0398518 0.199117 -0.0257442 -0.251645 -0.0342815 0.0535826 0.241669 0.17724 0.00602053 0.0370216 -0.0445182 0.0986349 -0.22139 0.052988 0.142272 0.113554 -0.00191427 0.0626987 -0.0581687 0.00635421 0.145426 -0.184619 -0.0280853 0.0410886 -0.0735541 -0.0514136 -0.13963 0.245886 0.140991 -0.112033 -0.133388 0.182379 -0.146721 -0.0954923 0.0382708 -0.150289 -0.165068 -0.276314 0.0213504 0.36665 0.0867948 -0.139758 0.0421523 -0.0119317 -0.0976106 0.0555177 0.130403 -0.0229846 -0.0410682 -0.0197484 0.00945761 0.188169 -0.0328248 0.0310788 0.209677 0.0123801 -0.0261563 0.031551 0.018413 -0.0250732 0.0271515 -0.138633 0.0362115 -0.013936 -0.0813934 -0.0170232 0.0979527 -0.186302 0.125602 -0.0237509 0.0228808 0.0830946 -0.0119177 -0.0997528 -0.126067 0.141683 -0.216185 0.110556 0.116943 0.00835499 0.117704 0.0805949 0.10848 -0.00194006 -0.0389845 -0.246239 -0.0437237 0.12786 -0.0567299 0.00458338 0.0227462 
/d/_Fuji/Current/2025-11-16-Юля-Миша-Мирон-Наутилус/DSCF8785.JPG
0
/d/_Fuji/Current/2025-11-16-Юля-Миша-Мирон-Наутилус/DSCF8786.JPG
1
-0.229181 0.104883 0.0583894 -0.0716048 -0.102614 0.00598111 -0.112681 -0.105348 0.184491 -0.117007 0.211298 -0.00425302 -0.240575 0.063375 -0.0456601 0.177993 -0.177718 -0.145559 -0.11399 -0.0790365 0.00124146 -0.0047853 -0.0112288 0.0392174 -0.0735816 -0.340903 -0.0910493 0.0181825 0.00885704 -0.0559119 -0.0208449 0.0535802 -0.224962 -0.0526108 0.0586447 0.195485 -0.0998677 -0.0726487 0.199149 -0.00391795 -0.189549 -0.0577259 0.0923818 0.222448 0.201746 0.0733538 -0.0412916 -0.0901809 0.105681 -0.258679 0.0456148 0.267235 0.0500271 0.129001 0.0056878 -0.171771 0.0603458 0.136192 -0.152116 -0.0880606 0.100612 -0.114598 -0.0758979 -0.0813962 0.209287 0.163687 -0.148206 -0.170245 0.191786 -0.0721869 -0.0244245 0.0436384 -0.154868 -0.211426 -0.283445 0.0466726 0.396347 0.0936531 -0.0703274 0.0433192 -0.0927866 -0.0531796 -0.0453262 0.0615472 -0.0980321 -0.0282619 -0.0565591 0.0373334 0.161554 0.0392047 -0.00390191 0.150852 0.0155019 -0.00943889 0.0481886 0.170672 -0.1161 -0.0605964 -0.203703 -0.0609188 0.00652311 -0.047361 -0.0224579 0.123947 -0.184693 0.18068 0.0125878 0.00108809 -0.020456 -0.0269767 -0.0971439 -0.0630199 0.135509 -0.24591 0.161893 0.18874 0.0224809 0.176146 0.139432 0.118802 -0.0197899 -0.0152915 -0.190311 -0.120448 0.0158983 0.0463386 0.00972666 0.0641294 
/d/_Fuji/Current/2025-11-16-Юля-Миша-Мирон-Наутилус/DSCF8794.JPG
1
-0.144742 0.15547 0.0563885 -0.0592501 -0.115532 -0.0580972 -0.00862598 -0.108709 0.093869 -0.0277906 0.164542 -0.010182 -0.217411 -0.0659831 -0.0747511 0.137071 -0.122968 -0.113151 -0.106102 -0.123925 0.00449045 0.117949 0.00544185 0.0519125 -0.0369114 -0.224551 -0.0446288 -0.0414163 0.0895494 -0.0363337 -0.00274688 0.0128532 -0.224853 -0.0914541 0.0467658 0.0694998 -0.102132 -0.0745755 0.182835 -0.00118979 -0.127089 0.000106841 0.0692643 0.309564 0.201349 -0.0200408 -0.0376744 -0.034841 0.132153 -0.220691 0.0598344 0.140016 0.11114 0.075311 0.0913002 -0.131715 0.0630397 0.120942 -0.169336 0.0527826 0.0856863 -0.158252 -0.0543842 -0.10221 0.139767 0.0396143 -0.0651803 -0.21109 0.14702 -0.147066 -0.0663537 0.102009 -0.0369968 -0.0840183 -0.27766 0.0709906 0.376121 0.185495 -0.158224 0.0501145 -0.0509931 -0.0180954 0.0764831 0.00718993 -0.0673859 -0.044991 -0.152688 -0.0147813 0.145999 -0.00659896 -0.0864989 0.197695 0.0108015 -0.00876298 0.0540564 0.0425085 -0.13933 0.0254585 -0.0868626 -0.00391744 0.0895932 -0.152965 0.013768 0.0991704 -0.131313 0.184619 -0.0145253 0.0666354 -0.0185569 -0.0132263 -0.13512 0.0271365 0.134169 -0.236223 0.273902 0.101153 -0.0183305 0.126915 0.104657 0.0653785 -0.0285322 -0.0280586 -0.108715 -0.17996 0.049291 -0.0402426 0.107656 0.0920173 
/d/_Fuji/Current/2025-11-19/DSCF8797.JPG
0
/d/_Fuji/Current/2025-11-19/DSCF8798.JPG
0
/d/_Fuji/Current/2025-11-19/DSCF8801.JPG
0
/d/_Fuji/Current/2025-11-19/DSCF8802.JPG
0
/d/_Fuji/Current/2025-11-19/DSCF8807.JPG
0
/d/_Fuji/Current/2025-11-19/DSCF8810.JPG
0
/d/_Fuji/Current/2025-11-19/DSCF8811.JPG
0
/d/_Fuji/Current/2025-11-19/DSCF8813.JPG
0
/d/_Fuji/Current/2025-11-19/DSCF8814.JPG
0
/d/_Fuji/Current/2025-11-19/DSCF8816.JPG
0
/d/_Fuji/Current/2025-11-19/DSCF8817.JPG
0
/d/_Fuji/Current/2025-11-19/DSCF8818.JPG
0
/d/_Fuji/Current/2025-11-19/DSCF8819.JPG
0
/d/_Fuji/Current/2025-11-19/DSCF8821.JPG
0
/d/_Fuji/Current/2025-11-21-Мирон-2/DSCF8899.JPG
1
-0.0921328 0.0873677 0.0521034 -0.133928 -0.138703 0.0288756 -0.0801296 -0.0628968 0.156998 -0.178345 0.266202 -0.0650894 -0.179127 -0.053288 -0.0113622 0.184321 -0.122961 -0.102346 -0.11101 0.0301129 0.00398882 0.0100718 -0.0287401 0.0694136 -0.0770692 -0.377448 -0.0251034 -0.0462419 -0.0108975 -0.0829385 -0.0388974 0.112251 -0.16909 -0.0529497 -0.0402701 0.0833768 -0.110065 -0.0713911 0.190648 -0.0212101 -0.220379 0.0136502 -0.00475076 0.245265 0.143481 0.00856857 0.0580184 -0.030843 0.102232 -0.28244 0.0192135 0.122607 0.0757191 0.0224567 0.0690949 -0.0982017 0.0321191 0.163224 -0.172176 0.0252498 0.0451993 -0.0616708 -0.0133983 -0.127302 0.240796 0.123262 -0.0802765 -0.130926 0.161126 -0.0818006 -0.0664013 0.0419656 -0.143932 -0.217006 -0.259827 0.0559402 0.328338 0.19303 -0.137884 0.036555 -0.0122226 -0.0669517 0.0578001 0.0653281 -0.0125031 -0.0550368 -0.0282667 0.0470208 0.212261 -0.0221464 0.00142801 0.227691 0.0244494 -0.0298864 -0.0380939 -0.049518 -0.0409921 0.0565771 -0.119646 0.0652475 0.0286194 -0.0473092 -0.00182137 0.128655 -0.179634 0.158971 -0.0511533 0.0223589 0.0462331 0.0445233 -0.111871 -0.0725914 0.141714 -0.188611 0.138766 0.174532 0.111628 0.105379 0.10978 0.0370993 0.0602252 0.00731712 -0.255533 -0.0672578 0.138717 -0.044299 0.0345657 0.0627326 
/d/_Fuji/Current/2025-11-21-Мирон-2/DSCF8901.JPG
0
/d/_Fuji/Current/2025-11-21-Мирон-2/DSCF8902.JPG
0
/d/_Fuji/Current/2025-11-21-Мирон-2/DSCF8903.JPG
0
/d/_Fuji/Current/2025-11-21-Мирон-2/DSCF8904.JPG
0
/d/_Fuji/Current/2025-11-21-Мирон-2/DSCF8907.JPG
0
/d/_Fuji/Current/2025-11-21-Мирон-2/DSCF8908.JPG
0
/d/_Fuji/Current/2025-11-21-Мирон-2/DSCF8909.JPG
0
/d/_Fuji/Current/2025-11-21-Мирон-2/DSCF8911.JPG
0
/d/_Fuji/Current/2025-11-21-Мирон-2/DSCF8912.JPG
0
/d/_Fuji/Current/2025-11-21-Мирон-2/DSCF8917.JPG
0
/d/_Fuji/Current/2025-11-21-Мирон-2/DSCF8918.JPG
0
/d/_Fuji/Current/2025-11-21-Мирон-2/DSCF8919.JPG
0
/d/_Fuji/Current/2025-11-21-Мирон-2/DSCF8920.JPG
0
/d/_Fuji/Current/2025-11-21-Мирон-2/DSCF8921.JPG
0
/d/_Fuji/Current/2025-11-21-Мирон-2/DSCF8922.JPG
0
/d/_Fuji/Current/2025-11-21-Мирон-2/DSCF8923.JPG
0
/d/_Fuji/Current/2025-11-21-Мирон-2/DSCF8924.JPG
0
/d/_Fuji/Current/2025-11-21-Мирон-2/DSCF8925.JPG
0
/d/_Fuji/Current/2025-11-21-Мирон-2/DSCF8926.JPG
0
/d/_Fuji/Current/2025-11-21-Мирон-2/DSCF8927.JPG
0
/d/_Fuji/Current/2025-11-21-Мирон-2/DSCF8928.JPG
0
/d/_Fuji/Current/2025-11-21-Мирон-2/DSCF8931.JPG
0
/d/_Fuji/Current/2025-11-21-Мирон-2/DSCF8932.JPG
0
/d/_Fuji/Current/2025-11-21-Мирон-2/DSCF8933.JPG
0
/d/_Fuji/Current/2025-11-21-Мирон-2/DSCF8934.JPG
1
-0.104057 0.0834555 0.0602139 -0.126112 -0.124952 -0.00520857 -0.0061337 -0.0768855 0.191571 -0.152825 0.260132 -0.0716473 -0.259961 -0.067232 -0.0447919 0.232794 -0.0971197 -0.126383 -0.0557391 0.0344142 -0.0170139 -0.00323272 -0.0337664 0.115913 -0.0505286 -0.372701 -0.034528 -0.0625138 -0.0477626 -0.0446907 0.00435403 0.163042 -0.150357 -0.0282523 -0.0593488 0.0901823 -0.108894 -0.0671265 0.211113 0.0055289 -0.244871 -0.0649083 -0.0329595 0.248446 0.123676 -0.0286964 0.0468469 -0.0308127 0.098934 -0.310279 -0.0188004 0.116225 0.0555051 0.0270484 0.0466123 -0.0950559 0.020198 0.149447 -0.248411 -0.0120496 -0.0308997 -0.0643837 -0.0159106 -0.126712 0.280707 0.144406 -0.127083 -0.0801719 0.215133 -0.149182 -0.0531636 0.0749825 -0.110876 -0.218117 -0.272956 0.0529773 0.331432 0.168774 -0.156793 0.0106396 -0.021596 -0.0855072 0.0671803 0.104459 0.01877 -0.0355082 -0.0471002 -0.0403228 0.202678 -0.037956 -0.0207649 0.274146 0.0223677 0.0149205 -0.019171 -0.00114524 -0.0180774 0.0192582 -0.134996 0.0383244 0.00103997 -0.0338528 -0.0328597 0.0910781 -0.1332 0.156147 -0.0105601 0.024208 0.014945 0.0284236 -0.118752 -0.103775 0.159549 -0.189243 0.151045 0.124217 0.0344745 0.107107 0.0809185 0.0391657 0.0167086 -0.0867059 -0.189302 -0.0642346 0.18049 -0.0764731 0.0354494 0.0252059 
/d/_Fuji/Current/2025-11-21-Мирон-2/DSCF8936.JPG
0
/d/_Fuji/Current/2025-11-21-Мирон-2/DSCF8938.JPG
1
-0.0913057 0.0305759 0.0558939 -0.115948 -0.152947 0.0161892 -0.0356546 -0.0479365 0.135735 -0.171481 0.251496 -0.0732843 -0.223783 -0.0544208 -0.00721029 0.235712 -0.152385 -0.0762235 -0.118453 0.001877 -0.0184782 0.029625 0.000211667 0.0892122 -0.0569983 -0.395317 -0.0410324 -0.0310055 -0.0521117 -0.0466774 -0.0132198 0.180738 -0.146597 -0.00674013 -0.0313326 0.0679844 -0.114542 -0.0898818 0.17871 -0.00840895 -0.21274 0.0091996 0.0306955 0.203429 0.155563 0.0062636 0.0242383 -0.00691508 0.103092 -0.31778 -0.0154288 0.13132 0.0356287 0.0202225 0.0826018 -0.0481315 0.0316441 0.162512 -0.188935 -0.0190101 -0.00345938 -0.0769873 -0.0177125 -0.145216 0.223831 0.140404 -0.104756 -0.0749286 0.14797 -0.114257 -0.0716542 0.0284968 -0.129456 -0.231119 -0.229995 0.0507551 0.327859 0.19048 -0.131172 0.0498603 0.0233873 -0.0945033 0.0682334 0.0902862 -0.0101172 -0.0744931 -0.0231605 0.0313059 0.192782 -0.0255059 0.016039 0.296015 0.0276367 -0.0139793 -0.0117437 -0.0522322 -0.00538251 0.0200368 -0.129284 0.0519168 0.0248521 -0.0656055 -0.0279929 0.0416478 -0.139972 0.153096 -0.0424323 0.0235386 0.0454755 0.0102945 -0.125375 -0.0397887 0.129486 -0.193075 0.135863 0.137885 0.051751 0.125312 0.0927426 0.0635434 0.01848 -0.0507503 -0.198166 -0.0800737 0.19932 -0.0564689 0.0449605 0.0312992 
/d/_Fuji/Current/2025-11-21-Мирон-2/DSCF8940.JPG
0
/d/_Fuji/Current/2025-11-21-Мирон/DSCF8825.JPG
1
-0.079352 0.0947804 0.0517279 -0.127988 -0.175556 0.0438928 -0.0211896 -0.110107 0.149167 -0.119394 0.252007 -0.0688457 -0.202845 -0.0767814 0.000524802 0.197965 -0.0921547 -0.131561 -0.0677373 0.0411415 0.0149107 0.00305858 -0.0256429 0.0722605 -0.0782885 -0.405594 -0.0307082 -0.0614843 -0.00568423 -0.0817832 0.00826113 0.166368 -0.137352 -0.033275 -0.045326 0.0546554 -0.145014 -0.0851943 0.219788 0.00540159 -0.22974 0.0228871 0.0270502 0.232097 0.112951 0.0200869 0.112796 -0.0490884 0.0603348 -0.291964 0.0119931 0.13308 0.0298944 0.0390477 0.0618979 -0.113598 0.0315585 0.0484241 -0.255574 0.0445244 0.077851 -0.0311222 -0.0291595 -0.135193 0.262612 0.150427 -0.0841018 -0.0818998 0.188179 -0.125641 -0.0979498 0.026773 -0.131602 -0.194554 -0.25709 0.0376574 0.35449 0.179995 -0.143699 -0.0136529 -0.0289821 -0.0650826 0.0572891 0.0462662 -0.0146145 -0.0927976 -0.0218852 0.00598529 0.212514 -0.00939852 -0.00492763 0.253113 0.0858036 -0.0325414 -0.0134599 0.0264299 -0.0267414 0.026564 -0.110693 0.0649891 -0.0168226 -0.085055 0.0162769 0.132529 -0.185704 0.21852 -0.0295474 -0.000228161 0.0153979 0.0682458 -0.12863 -0.0599444 0.134582 -0.195726 0.15366 0.163673 0.0869285 0.0976487 0.0786738 0.0781996 0.00496904 -0.034187 -0.204173 -0.101285 0.111981 -0.0495255 0.00947633 0.0953676 
/d/_Fuji/Current/2025-11-21-Мирон/DSCF8835.JPG
1
-0.0782698 0.0653565 0.0348197 -0.069101 -0.170298 0.0535373 -0.0395689 -0.0797094 0.136028 -0.103702 0.2356 -0.0341342 -0.200751 -0.0847632 -0.0112678 0.166476 -0.100017 -0.102067 -0.0526134 0.0108264 -0.0261566 0.0359554 -0.00647254 0.0687393 -0.176206 -0.388891 -0.00972403 -0.0961214 -0.0536112 -0.0444739 -0.0316836 0.228426 -0.115153 0.011851 0.0139649 0.115394 -0.105209 -0.0171811 0.204155 0.0255177 -0.235107 0.00314063 0.0630264 0.254502 0.169918 -0.0165906 0.0813306 -0.0368347 0.0946363 -0.256869 0.039466 0.145849 0.0412334 0.0129487 0.100869 -0.100145 0.00429316 0.0838741 -0.20269 0.0284329 0.0512023 -0.02977 -0.0742233 -0.106398 0.199123 0.124297 -0.0901337 -0.0894203 0.210846 -0.139286 -0.0868358 0.0990079 -0.130312 -0.232733 -0.225804 0.0345109 0.402315 0.195203 -0.155372 0.0157593 0.00720613 -0.110656 0.102874 0.0649597 0.000898955 -0.0838709 -0.0277602 0.0397325 0.229155 0.020813 0.00669976 0.240384 0.0740303 -0.0340639 0.00609157 0.00468921 -0.0218894 0.0391149 -0.151855 0.00993088 0.0197897 -0.104493 -0.00244647 0.0961276 -0.199956 0.193934 0.0107146 0.00342182 0.0556996 0.0359652 -0.127183 -0.0138589 0.168807 -0.236065 0.135098 0.104915 0.0767116 0.10704 0.083518 0.0507433 0.026661 -0.0857901 -0.217027 -0.100513 0.10192 -0.0974587 0.0253021 0.0498607 
/d/_Fuji/Current/2025-11-21-Мирон/DSCF8838.MP4
0
/d/_Fuji/Current/2025-11-21-Мирон/DSCF8844.JPG
1
-0.106377 0.0137415 0.010279 -0.111981 -0.189815 0.0271612 -0.0500906 -0.0769602 0.0684514 -0.140952 0.266471 -0.0574133 -0.21896 -0.0348885 -0.0106006 0.167274 -0.109309 -0.0720503 -0.0987999 0.0222788 -0.0121078 0.0548403 -0.0140122 0.0698202 -0.150986 -0.354533 -0.00135406 -0.0883473 -0.040208 -0.048602 -0.0547865 0.199499 -0.143805 0.00708527 0.0198194 0.10351 -0.0797978 -0.0533657 0.207138 0.0406415 -0.247225 0.0073119 0.0450967 0.255645 0.151855 -0.0134687 0.0512663 -0.0504631 0.106065 -0.289957 0.0544742 0.0868731 0.0725094 -0.00302852 0.081398 -0.114518 0.0535134 0.101828 -0.229321 0.0018884 0.0513159 -0.0635424 -0.0457166 -0.153338 0.238975 0.110793 -0.100976 -0.0763966 0.181499 -0.106215 -0.0996249 0.0840169 -0.131631 -0.220568 -0.281583 0.043854 0.359539 0.224671 -0.17247 0.0291245 0.00892115 -0.105273 0.111937 0.0757474 0.00977274 -0.0686909 -0.016314 0.0439605 0.22749 -0.0173823 -0.00768108 0.246494 0.0578205 -0.0497184 0.011144 -0.00147235 -0.0517042 -0.00656226 -0.120959 0.0260387 0.030972 -0.096963 -0.00169241 0.135202 -0.224383 0.177441 -0.045625 -0.0403015 0.0549191 -0.0216224 -0.0927147 -0.02058 0.119151 -0.252529 0.125109 0.128224 0.106357 0.12273 0.0805612 0.00646554 0.0111644 -0.0288751 -0.262681 -0.114528 0.168098 -0.0739811 0.0595127 0.0517053 
/d/_Fuji/Current/2025-11-21-Мирон/DSCF8847.JPG
1
-0.104503 0.0117502 0.0251254 -0.105848 -0.145282 -0.00462108 -0.0542335 -0.100579 0.0934402 -0.114614 0.238681 -0.0736621 -0.227637 -0.038764 -0.0274682 0.197258 -0.112519 -0.079613 -0.0745137 0.0395391 0.00556182 0.0272002 0.0145423 0.0755078 -0.143042 -0.35876 -0.0246214 -0.0695549 -0.0648482 -0.0178289 -0.0503844 0.186249 -0.151618 -0.00645779 0.0273157 0.106882 -0.0664662 -0.0737165 0.216293 0.0335293 -0.283946 0.00875177 0.0593942 0.231373 0.174016 0.0185061 0.0510798 -0.0499203 0.0904971 -0.270871 0.029589 0.0806625 0.0364631 -0.0267079 0.0650612 -0.136166 0.0419196 0.0895685 -0.203886 -0.0416769 0.0740077 -0.0639859 -0.0402862 -0.14492 0.231555 0.131463 -0.107004 -0.0940636 0.197753 -0.111772 -0.078765 0.0747111 -0.135782 -0.203906 -0.273734 0.0153094 0.376712 0.189496 -0.163856 0.0260023 0.0145443 -0.0558203 0.125535 0.0900221 0.0263023 -0.0496133 -0.0362776 -0.00672812 0.223676 -0.00701632 -0.0181212 0.216268 0.0413318 -0.0258471 0.00842301 0.000216245 -0.0612109 0.0318015 -0.148465 0.0265305 0.025471 -0.0417087 0.0159139 0.150827 -0.190459 0.165597 -0.0392299 -0.023577 0.0487936 0.0133527 -0.0874044 -0.021098 0.0986894 -0.225641 0.120774 0.120135 0.0786652 0.100941 0.098468 0.0413225 0.00954213 0.00234611 -0.284964 -0.111061 0.14908 -0.073326 0.0966718 0.0490687 
/d/_Fuji/Current/2025-11-21-Мирон/DSCF8852.JPG
1
-0.152531 0.0939423 0.0521747 -0.0251027 -0.201687 -0.00513008 0.00357014 -0.086072 0.0932354 -0.0515891 0.209911 -0.0604854 -0.178154 0.031289 -0.0185171 0.120375 -0.0548589 -0.061478 -0.169365 -0.103027 -0.0296902 0.0173604 -0.0211397 -0.0150229 -0.0902506 -0.253931 -0.0180883 -0.0692747 0.0320072 -0.029496 -0.0238957 -0.00158613 -0.255822 -0.123893 0.0540209 0.0241426 -0.155392 -0.0369871 0.207967 -0.0420835 -0.195895 0.0734519 0.120096 0.196363 0.200982 -0.00994998 -0.00739368 -0.0776188 0.154368 -0.242168 0.0229638 0.152037 0.202651 0.0709024 0.0547197 -0.0652231 0.0154578 0.161551 -0.173789 0.0548795 0.14873 -0.0590591 -0.0615502 -0.104475 0.207524 0.159417 -0.120949 -0.144024 0.144739 -0.12086 -0.03766 0.0619603 -0.0691387 -0.181505 -0.254883 0.0849224 0.346924 0.144949 -0.195953 -0.0849997 -0.087609 -0.008389 -0.00193973 0.0458778 -0.0718027 -0.0993413 -0.0281063 -0.00766124 0.220162 -0.0494076 0.0120606 0.192874 0.0583312 -0.0541785 -0.0356004 0.0781269 -0.194496 -0.0809221 -0.116718 -0.0123137 -0.0273218 -0.0931736 0.0373738 0.157231 -0.184931 0.213976 -0.10194 -0.00313779 -0.0463906 -0.0369929 0.0334598 0.00996134 0.0749815 -0.145392 0.221641 0.0798451 -0.0348657 0.08986 0.07606 0.0230134 -0.000924556 0.0660726 -0.154856 -0.163842 0.0103543 -0.0653853 0.0446624 0.0350753 
/d/_Fuji/Current/2025-11-21-Мирон/DSCF8853.JPG
0
/d/_Fuji/Current/2025-11-21-Мирон/DSCF8855.JPG
0
/d/_Fuji/Current/2025-11-21-Мирон/DSCF8856.JPG
0
/d/_Fuji/Current/2025-11-21-Мирон/DSCF8857.JPG
0
/d/_Fuji/Current/2025-11-21-Мирон/DSCF8858.JPG
0
/d/_Fuji/Current/2025-11-21-Мирон/DSCF8860.JPG
1
-0.0858012 0.0682247 0.0364724 -0.096185 -0.160176 -0.0055298 -0.0574405 -0.0846105 0.194577 -0.0761035 0.244428 -0.029974 -0.235835 -0.00121405 -0.0737991 0.172139 -0.0921063 -0.0495606 -0.0978071 0.0294158 0.0723419 0.0782953 0.0403185 0.036837 -0.117447 -0.389143 -0.045438 -0.0736077 -0.0320583 0.00596172 -0.0311352 0.133831 -0.145837 -0.0603883 0.0340344 0.104861 -0.131465 -0.0647321 0.183752 -0.0129171 -0.268286 0.03094 0.0261944 0.227505 0.125769 -0.0192381 0.0974775 -0.0994942 0.0599501 -0.205707 0.0299405 0.146643 0.0834183 0.0276092 0.104085 -0.0874323 0.040926 0.188718 -0.189838 -0.00255096 0.0832115 -0.0433884 -0.0124119 -0.113038 0.19885 0.0883557 -0.11292 -0.091702 0.124544 -0.0935414 -0.0611665 0.0603019 -0.188282 -0.269497 -0.28142 0.0472493 0.379444 0.182934 -0.148865 0.0599226 0.0152768 -0.017499 0.104242 0.106757 -0.00916701 0.0135739 -0.0495009 0.0604046 0.176148 -0.0780741 -0.0145307 0.258504 0.0436763 0.0105285 -0.0204776 0.0011683 -0.0556307 0.0232637 -0.136244 0.035354 0.0514518 -0.0124115 0.0242337 0.0883167 -0.135552 0.104791 -0.0199669 0.0107606 0.0323509 -0.00930684 -0.0810424 -0.0827857 0.131977 -0.185119 0.163651 0.130933 0.0587702 0.123472 0.106706 0.0081769 0.0381374 -0.0191289 -0.213701 -0.0356182 0.150057 -0.0270672 0.0730249 0.0201286 
/d/_Fuji/Current/2025-11-21-Мирон/DSCF8861.JPG
0
/d/_Fuji/Current/2025-11-21-Мирон/DSCF8862.JPG
0
/d/_Fuji/Current/2025-11-21-Мирон/DSCF8863.JPG
0
/d/_Fuji/Current/2025-11-21-Мирон/DSCF8864.JPG
0
/d/_Fuji/Current/2025-11-21-Мирон/DSCF8865.JPG
0
/d/_Fuji/Current/2025-11-21-Мирон/DSCF8870.JPG
1
-0.060957 0.103447 0.025519 -0.0425535 -0.132564 -0.0476297 -0.0245245 -0.084616 0.126769 -0.0377392 0.243531 -0.0311059 -0.228839 -0.104461 0.0160354 0.140869 -0.115495 -0.0133018 -0.0941247 -0.089887 0.0168312 0.00471803 0.0296227 -0.015569 -0.121103 -0.236612 -0.0875085 -0.144151 0.0236218 -0.109407 0.0356445 0.0999799 -0.16554 -0.0789516 -0.027258 0.0415019 -0.0631362 -0.0806043 0.187061 -0.0315482 -0.0901694 0.027101 0.00602465 0.207899 0.177949 -0.0403558 0.0556839 -0.068275 0.0900208 -0.258347 -0.00344752 0.118387 0.0274881 0.0814954 0.0760523 -0.0988406 0.0795638 0.12299 -0.228227 0.0481739 0.0707987 -0.053039 -0.0937848 -0.0652711 0.198824 0.11662 -0.0401852 -0.125658 0.192258 -0.12959 -0.0564925 0.0817928 -0.133187 -0.197006 -0.248375 0.104338 0.337795 0.200385 -0.171084 0.0296374 -0.0976503 -0.0461547 0.0489913 -0.0413257 -0.0103713 -0.0926529 -0.0785275 0.0457807 0.208922 -0.101724 0.0374045 0.266221 0.0504868 -0.0315763 -0.00619859 -0.0361668 -0.0321669 0.00289798 -0.0956426 0.00944252 0.125694 -0.200269 0.0121508 0.100928 -0.204681 0.12771 -0.0151894 -0.0455694 -0.00217147 -0.0286295 -0.095903 0.0148266 0.23211 -0.208786 0.270988 0.181528 0.0134761 0.0991885 0.0392299 0.12658 -0.0391897 -0.0512222 -0.129335 -0.0919088 0.045202 0.00128545 -0.0425616 0.0531842 
/d/_Fuji/Current/2025-11-21-Мирон/DSCF8872.JPG
0
/d/_Fuji/Current/2025-11-21-Мирон/DSCF8873.JPG
1
-0.0869297 0.100835 0.0158724 -0.0573696 -0.0595862 -0.00860474 -0.0712092 -0.0310714 0.138768 -0.0402638 0.238613 0.0442241 -0.256736 -0.0717832 0.0119162 0.0811058 -0.150999 -0.0351387 -0.147986 -0.125043 0.0423414 -0.0110936 0.0349866 -0.0328542 -0.171056 -0.24227 -0.0933195 -0.126415 0.0384563 -0.166393 0.0307311 -0.002304 -0.101045 -0.0242476 0.00503993 0.0293743 0.00589659 -0.0749306 0.151092 -0.0474977 -0.118499 0.00356852 0.0209881 0.246574 0.18331 0.051308 0.0160485 -0.0458987 0.0914762 -0.244625 0.0538386 0.141784 -0.00371614 0.0508572 0.159547 -0.149717 0.0510495 0.157424 -0.147042 0.0390504 0.0472811 -0.0694259 -0.0653559 -0.100925 0.170473 0.100472 -0.133049 -0.094095 0.116605 -0.12227 -0.0043826 0.0610873 -0.127445 -0.20695 -0.21639 0.0997207 0.392347 0.216442 -0.179294 0.0295937 -0.0372252 -0.0463293 0.0843232 0.0437954 -0.0774341 -0.0411596 -0.0835071 0.0404222 0.16224 -0.0261891 0.0430481 0.20559 -0.0136041 -0.0314619 0.0026259 -0.000846621 -0.126122 -0.0109092 -0.0630218 0.0182086 0.0998048 -0.179319 -0.0076815 0.0736347 -0.132076 0.0973937 0.0026855 -0.0380597 -0.00823882 0.00341258 -0.0422173 -0.0243999 0.185628 -0.250978 0.208006 0.225152 0.0320067 0.1336 0.0480762 0.138111 -0.013829 0.0319659 -0.127366 -0.082523 -0.0255915 -0.0370302 -0.000948915 -0.0103813 
/d/_Fuji/Current/2025-11-21-Мирон/DSCF8875.JPG
0
/d/_Fuji/Current/2025-11-21-Мирон/DSCF8876.JPG
0
/d/_Fuji/Current/2025-11-21-Мирон/DSCF8877.JPG
0
/d/_Fuji/Current/2025-11-21-Мирон/DSCF8878.JPG
0
/d/_Fuji/Current/2025-11-21-Мирон/DSCF8879.JPG
0
/d/_Fuji/Current/2025-11-21-Мирон/DSCF8880.JPG
0
/d/_Fuji/Current/2025-11-21-Мирон/DSCF8882.JPG
0
/d/_Fuji/Current/2025-11-21-Мирон/DSCF8883.JPG
0
/d/_Fuji/Current/2025-11-21-Мирон/DSCF8884.JPG
1
-0.094824 0.122847 0.0536203 -0.018521 -0.100747 -0.0483536 -0.0581893 -0.0515543 0.139607 -0.0272457 0.249015 0.0182612 -0.239317 -0.11791 -0.0174399 0.133453 -0.134832 -0.0612499 -0.0962149 -0.132411 0.0285465 0.036607 -0.0198485 -0.0231011 -0.0805719 -0.273237 -0.114246 -0.111344 0.107127 -0.11067 -0.0144495 -0.00681918 -0.162512 -0.0881871 0.0103815 0.0529556 -0.0432566 -0.0576338 0.150775 -0.0379636 -0.160715 0.0190172 0.0665115 0.279282 0.215138 0.0398527 0.00317181 -0.0824696 0.1158 -0.165113 0.0401847 0.179271 0.152014 0.112665 0.0808649 -0.15372 0.0538939 0.154176 -0.18323 0.0189232 0.0825665 -0.0724953 -0.0331408 -0.0931641 0.179112 0.0402298 -0.107831 -0.161798 0.138902 -0.179255 -0.0472227 0.0833056 -0.119548 -0.191253 -0.294375 0.123565 0.421371 0.235772 -0.200417 0.0281023 -0.0589971 -0.0637562 0.0678552 0.0614995 -0.0848031 -0.0271594 -0.125362 -0.0171109 0.165336 -0.0550031 0.0491146 0.178265 0.0205993 0.0290977 -0.0193892 0.0183978 -0.149346 0.0307968 -0.0802975 -0.0356652 0.0484597 -0.172231 0.0286243 0.0925664 -0.157552 0.194823 0.03151 0.0014405 -0.0357517 0.0241757 -0.0261607 -0.0232355 0.191424 -0.21177 0.252914 0.200201 0.0330654 0.162304 0.0954046 0.172453 -0.0721839 -0.0447436 -0.135831 -0.0958951 -0.0115828 -0.0651507 0.0633157 0.0364997 
/d/_Fuji/Current/2025-11-21-Мирон/DSCF8885.JPG
0
/d/_Fuji/Current/2025-11-26 - Валентина Ивановна/DSCF8949.JPG
1
-0.184455 0.0578215 0.0564183 -0.084723 -0.130986 -0.0905918 -0.0338195 -0.168279 0.181234 -0.125161 0.170599 -0.0807582 -0.176037 -0.0462359 -0.0332054 0.151429 -0.0955545 -0.149928 -0.119396 -0.0787809 0.0210085 0.0361315 -0.03615 0.014855 -0.115325 -0.284008 -0.107362 -0.100255 -0.0572162 -0.0550116 0.0505282 0.113222 -0.120557 -0.0411994 0.0592652 0.0896516 0.0141471 -0.0550055 0.186664 -0.0626353 -0.241517 -0.037049 0.147859 0.250542 0.231294 0.0462616 -0.0380293 -0.115676 0.166393 -0.262889 -0.0633323 0.168937 0.031016 0.0265179 0.11773 -0.097925 0.0581014 0.0981121 -0.291523 -0.0173382 0.0951555 -0.132889 -0.0739863 -0.126871 0.220048 0.133129 -0.13922 -0.0846905 0.239504 -0.186369 -0.0263592 0.0740006 -0.118186 -0.226564 -0.249211 -0.0506686 0.393791 0.15499 -0.126694 0.024376 -0.122139 -0.0378838 0.00387304 -0.0100724 -0.0111605 -0.101565 -0.0736547 -0.0263963 0.288879 -0.0481574 0.0978283 0.204224 0.0158355 -0.130421 -0.0581285 0.0889323 -0.139123 -0.0315248 -0.153389 -0.0188761 -0.0083038 -0.117161 0.0386095 0.101442 -0.274012 0.167614 0.00232057 -0.074077 -0.0842686 -0.0890248 -0.0228595 0.031149 0.188922 -0.204343 0.185567 0.143369 0.0204579 0.183271 -0.00733131 0.0891431 -0.0746643 -0.0884692 -0.124734 -0.162696 -0.00538345 -0.018385 0.0286983 0.0573446 
/d/_Fuji/Current/2025-11-26 - Валентина Ивановна/DSCF8950.JPG
1
-0.17034 0.0672161 0.0632027 -0.0902893 -0.123522 -0.0945532 -0.0285893 -0.162716 0.185177 -0.110265 0.181525 -0.0819762 -0.187387 -0.0359746 -0.0374073 0.167588 -0.111085 -0.14426 -0.119886 -0.0734393 0.0322733 0.0346962 -0.0327615 0.0110623 -0.131658 -0.275447 -0.101454 -0.109828 -0.0503954 -0.0447074 0.049367 0.122925 -0.114817 -0.037872 0.0665814 0.0847384 0.022146 -0.06568 0.191525 -0.055711 -0.249275 -0.0468526 0.145367 0.240818 0.236413 0.0373099 -0.0302677 -0.115558 0.159428 -0.274052 -0.069621 0.160728 0.026901 0.0439306 0.11032 -0.0991777 0.0759913 0.110071 -0.293247 -0.0438441 0.109558 -0.136036 -0.0659332 -0.12434 0.218337 0.116966 -0.141868 -0.0646939 0.224052 -0.173982 -0.027638 0.0705898 -0.118515 -0.218325 -0.251713 -0.0516775 0.408262 0.165878 -0.128875 0.0255974 -0.126607 -0.03082 0.017434 -0.026946 -0.0129858 -0.103388 -0.0755063 -0.034915 0.289729 -0.0557188 0.112128 0.202014 0.0141112 -0.122397 -0.0620149 0.0816193 -0.131691 -0.0267973 -0.141549 -0.0137969 -0.0209557 -0.112491 0.0361139 0.0970064 -0.286702 0.162169 0.01166 -0.0783975 -0.0778305 -0.0893465 -0.0144576 0.0295918 0.189775 -0.203404 0.171907 0.153567 0.0145186 0.181021 -0.00467305 0.0908886 -0.0896639 -0.0920651 -0.130355 -0.157569 0.0165288 -0.0209445 0.031409 0.0457125 
/d/_Fuji/Current/2025-11-26 - Валентина Ивановна/DSCF8952.JPG
1
-0.176126 0.0486281 0.0756424 -0.115718 -0.125315 -0.0851485 -0.00534655 -0.160625 0.179393 -0.116354 0.180711 -0.0522801 -0.192547 -0.0244818 -0.0676731 0.177285 -0.134888 -0.152688 -0.128604 -0.0726886 0.0381511 0.014158 -0.0382068 -0.0172143 -0.119382 -0.265518 -0.0943444 -0.116899 -0.0487846 -0.00632261 0.0670201 0.113351 -0.103948 -0.0218159 0.0611304 0.0752282 0.027402 -0.0649493 0.213735 -0.0473584 -0.255619 -0.04627 0.126788 0.238632 0.262775 0.0217253 -0.016739 -0.119359 0.175581 -0.291464 -0.0475052 0.137864 0.0514016 0.0258198 0.123348 -0.104967 0.0751873 0.105068 -0.278308 -0.0598767 0.0967407 -0.15181 -0.0582407 -0.137293 0.209399 0.103856 -0.144037 -0.0735071 0.236552 -0.156395 -0.0302952 0.0591989 -0.131139 -0.183099 -0.281637 -0.0620884 0.445657 0.164925 -0.123708 0.026283 -0.1589 -0.0262715 0.0267387 -0.0354185 -0.0194211 -0.106532 -0.0845319 -0.0553312 0.280439 -0.0754582 0.0706492 0.174252 0.000790778 -0.121169 -0.0673454 0.0686597 -0.131737 -0.0213556 -0.135838 -0.0324474 -0.0296572 -0.107005 0.0457472 0.10505 -0.293961 0.140232 -0.00824231 -0.061875 -0.0751302 -0.10205 -0.0310344 0.0390471 0.194198 -0.196395 0.157311 0.161368 0.000139369 0.172024 0.0252259 0.0644631 -0.103434 -0.0760372 -0.146229 -0.144218 0.0192534 0.00267498 0.0597872 0.0605141 
/d/_Fuji/Current/2025-11-26 - Валентина Ивановна/DSCF8953.JPG
1
-0.166734 0.00170799 0.0562528 -0.107876 -0.0873215 -0.0798579 0.00211665 -0.156675 0.192168 -0.111938 0.182737 -0.0863371 -0.194093 -0.0545214 -0.0573383 0.183342 -0.126077 -0.14213 -0.120775 -0.0646162 0.0267727 0.0452045 -0.0612033 0.00518664 -0.100246 -0.261451 -0.094655 -0.113275 -0.036785 -0.0131081 0.0482727 0.149658 -0.106594 -0.0296567 0.0601093 0.0977749 0.0431532 -0.073118 0.210876 -0.0403922 -0.237501 -0.0405505 0.11696 0.223395 0.229911 -0.00244741 -0.0210834 -0.132321 0.162959 -0.265211 -0.0846686 0.154441 0.0457378 0.0409456 0.0899104 -0.103111 0.0657838 0.117544 -0.290285 -0.0302915 0.0772958 -0.167405 -0.0450064 -0.110066 0.178357 0.0692369 -0.133075 -0.0903661 0.226298 -0.165176 -0.0165143 0.0848225 -0.12345 -0.206644 -0.281216 -0.0344926 0.416791 0.148083 -0.137741 0.0481507 -0.151119 -0.045848 0.0446838 -0.0183818 0.0141989 -0.114611 -0.0968141 -0.0640447 0.275543 -0.0623516 0.0989254 0.187841 0.00500612 -0.123915 -0.0621565 0.0947304 -0.115983 -0.020263 -0.108891 -0.031684 -0.01016 -0.115273 0.0602376 0.0957322 -0.267534 0.137261 -0.00579785 -0.0737613 -0.0482223 -0.0957377 -0.00487653 0.0129803 0.198587 -0.204128 0.132886 0.150836 -0.000575504 0.18941 -0.00315035 0.122207 -0.121592 -0.0829427 -0.127036 -0.135709 0.0125405 0.0423168 0.0383154 0.0500684 
/d/_Fuji/Current/2025-11-26 - Валентина Ивановна/DSCF8954.JPG
1
-0.158811 0.0342995 0.0712444 -0.0931254 -0.0958049 -0.0907235 -0.0199927 -0.190798 0.181481 -0.138993 0.194668 -0.0850974 -0.207535 -0.0507102 -0.0554926 0.165651 -0.11 -0.163324 -0.132067 -0.0816208 0.0243913 0.0133739 -0.0258847 -0.00209877 -0.113887 -0.280636 -0.11357 -0.116554 -0.0535315 -0.0364777 0.0606629 0.110499 -0.119386 -0.0256713 0.0519223 0.0592824 0.0326463 -0.0539374 0.218354 -0.0530119 -0.237966 -0.0524649 0.125735 0.212077 0.243184 0.0321896 -0.0293759 -0.12785 0.134984 -0.260868 -0.0535601 0.173447 0.060077 0.0289752 0.108858 -0.0779294 0.0496465 0.101927 -0.284153 -0.0505602 0.109967 -0.111737 -0.0846439 -0.120113 0.198367 0.104415 -0.151271 -0.0700665 0.224857 -0.187533 -0.0227123 0.0709958 -0.124152 -0.210237 -0.250861 -0.0639257 0.411248 0.159072 -0.128635 0.0184806 -0.159732 -0.0406865 0.00254599 -0.0635973 -0.0309227 -0.0916094 -0.0583537 -0.0387631 0.259839 -0.0410913 0.0870747 0.195099 -0.00753012 -0.132107 -0.0551522 0.0739329 -0.108814 -0.0438561 -0.136965 -0.037449 -0.0282017 -0.0984684 0.0461288 0.0818475 -0.283506 0.154969 -0.00980985 -0.0783182 -0.0626708 -0.0794468 -0.0413731 0.0217313 0.207243 -0.205088 0.134385 0.151488 0.00700803 0.159602 0.00975418 0.092925 -0.108562 -0.088284 -0.137617 -0.155808 0.0168522 -0.00472165 0.0626254 0.0364996 
/d/_Fuji/Current/2025-11-26 - Валентина Ивановна/DSCF8955.JPG
1
-0.164486 0.0584103 0.0804315 -0.112752 -0.118534 -0.0817582 -0.0135301 -0.17787 0.18847 -0.128941 0.198391 -0.0608916 -0.207999 -0.0358255 -0.0602136 0.169385 -0.129962 -0.155567 -0.143532 -0.0789721 0.0348505 0.0223694 -0.0127845 -0.00729276 -0.12115 -0.283574 -0.111286 -0.112413 -0.0542111 -0.0258135 0.0655791 0.118376 -0.115496 -0.0255012 0.0565215 0.0561652 0.030664 -0.0650532 0.204242 -0.053037 -0.230923 -0.0515533 0.130518 0.213453 0.26426 0.0364442 -0.0202281 -0.135648 0.134002 -0.271609 -0.0434587 0.164805 0.042951 0.0382706 0.117659 -0.089793 0.0681445 0.0969803 -0.275111 -0.0693239 0.114711 -0.127027 -0.087908 -0.138443 0.205231 0.10455 -0.154662 -0.0661244 0.228699 -0.16863 -0.0346053 0.0544559 -0.135679 -0.194194 -0.254344 -0.0671355 0.430531 0.176972 -0.130067 0.0237719 -0.170049 -0.0289756 -0.00292206 -0.0547195 -0.035878 -0.104932 -0.0633141 -0.0299496 0.25429 -0.0468557 0.0809524 0.203037 0.00349216 -0.127149 -0.0518982 0.0671985 -0.110803 -0.0324125 -0.139381 -0.0244985 -0.0362926 -0.102503 0.033477 0.0829853 -0.287511 0.160267 -0.00374616 -0.069067 -0.0659353 -0.102096 -0.0402302 0.0360687 0.204952 -0.21058 0.144379 0.157697 0.0111779 0.176709 0.0184558 0.0968411 -0.105536 -0.0895377 -0.146219 -0.151984 0.0259809 -0.0147895 0.0635358 0.0528953 
/d/_Fuji/Current/2025-11-26 - Валентина Ивановна/DSCF8956.JPG
1
-0.169927 0.0605056 0.0775795 -0.108256 -0.123031 -0.0824749 -0.00838925 -0.172086 0.184226 -0.119988 0.197525 -0.0625063 -0.195651 -0.0370471 -0.0550688 0.166034 -0.12574 -0.147961 -0.132363 -0.0784523 0.044815 0.0222102 -0.0180167 -0.00490425 -0.127137 -0.276108 -0.105088 -0.113665 -0.0492875 -0.0206371 0.0607293 0.118774 -0.11519 -0.0293223 0.0514744 0.0600126 0.0243289 -0.0644448 0.207518 -0.0549313 -0.239241 -0.0463935 0.13355 0.224235 0.263205 0.0326941 -0.0183562 -0.125582 0.149128 -0.281207 -0.042213 0.161097 0.0448149 0.0373631 0.115889 -0.0936601 0.0686887 0.104043 -0.279937 -0.065254 0.107115 -0.130189 -0.0724494 -0.136545 0.211791 0.111867 -0.146984 -0.0658287 0.223781 -0.164707 -0.037557 0.0595732 -0.136247 -0.196052 -0.268356 -0.0580181 0.423723 0.175518 -0.12516 0.0290803 -0.169387 -0.0227392 0.0062957 -0.0525548 -0.0323113 -0.103074 -0.0737386 -0.0379877 0.263924 -0.0576452 0.0798776 0.203562 0.00971026 -0.129875 -0.0555742 0.0735187 -0.120858 -0.0320779 -0.139253 -0.02836 -0.0284182 -0.10533 0.0391987 0.0943731 -0.304997 0.160838 -0.00752165 -0.0662207 -0.0705409 -0.109669 -0.0321301 0.0428089 0.195625 -0.207806 0.148866 0.152893 0.00831309 0.183013 0.0209436 0.0842514 -0.108279 -0.0889561 -0.141201 -0.147828 0.0312962 -0.00774779 0.0609204 0.0599697 
/d/_Fuji/Current/2025-11-26 - Валентина Ивановна/DSCF8957.JPG
1
-0.169473 0.0720451 0.0769807 -0.113811 -0.12682 -0.0810973 -0.0131355 -0.172056 0.185312 -0.113348 0.189489 -0.0524326 -0.19872 -0.0356188 -0.0573321 0.162486 -0.130757 -0.146766 -0.137614 -0.079137 0.0456842 0.0248618 -0.00823357 -0.0098748 -0.124293 -0.279587 -0.106478 -0.11388 -0.0439175 -0.0191435 0.0682429 0.122964 -0.116426 -0.0265717 0.049717 0.0611554 0.0251428 -0.0634792 0.204873 -0.0567816 -0.238228 -0.050093 0.130082 0.223145 0.270839 0.031215 -0.0124262 -0.126184 0.149916 -0.277183 -0.0407996 0.166179 0.0392221 0.0385048 0.116726 -0.0969242 0.0751136 0.102892 -0.279072 -0.0701768 0.10962 -0.133098 -0.0723201 -0.13366 0.209595 0.107776 -0.145993 -0.0691749 0.225864 -0.164926 -0.0309766 0.0601013 -0.142064 -0.190796 -0.268806 -0.0604958 0.426821 0.175954 -0.118078 0.0305852 -0.175918 -0.0242085 0.000364888 -0.0528673 -0.0405544 -0.103242 -0.078162 -0.0330296 0.263017 -0.0600088 0.0790409 0.205987 0.0131007 -0.127513 -0.0564334 0.0730444 -0.122676 -0.0314003 -0.139408 -0.0241316 -0.0334805 -0.11101 0.0348714 0.0941792 -0.298668 0.158325 -0.00484729 -0.0609675 -0.0758223 -0.115022 -0.0352089 0.0363185 0.200786 -0.202889 0.149858 0.156902 0.00911742 0.183349 0.0249665 0.0897587 -0.108526 -0.0910833 -0.138431 -0.143308 0.0311414 -0.0076944 0.0549093 0.0622058 
/d/_Fuji/Current/2025-11-26 - Валентина Ивановна/DSCF8958.JPG
1
-0.170729 0.0818462 0.0854741 -0.112474 -0.120545 -0.0769189 -0.0162918 -0.17583 0.179583 -0.108896 0.19427 -0.0593106 -0.205663 -0.0389561 -0.0487687 0.160368 -0.126518 -0.141934 -0.139621 -0.0741223 0.0448561 0.0374225 -0.000712454 -0.0154267 -0.127658 -0.283106 -0.0959105 -0.121472 -0.0411647 -0.0168426 0.0685799 0.120346 -0.119118 -0.0259937 0.0524565 0.0605856 0.0166802 -0.0622737 0.207176 -0.0600681 -0.2358 -0.0587411 0.129846 0.215041 0.26673 0.0334917 -0.0113105 -0.132378 0.14663 -0.27153 -0.0562743 0.166922 0.0330223 0.0461544 0.115579 -0.0968305 0.0822041 0.0982789 -0.28728 -0.073549 0.105397 -0.131466 -0.0698003 -0.121036 0.205756 0.09338 -0.143044 -0.0579986 0.222686 -0.159904 -0.027253 0.0672847 -0.139875 -0.196319 -0.261054 -0.0659977 0.425021 0.169158 -0.118116 0.0238622 -0.167443 -0.0324166 0.00566081 -0.054293 -0.0382589 -0.112496 -0.0723261 -0.0276199 0.263053 -0.0686549 0.0907888 0.205925 0.0174191 -0.125765 -0.0601685 0.0770415 -0.122126 -0.0237462 -0.136443 -0.0196597 -0.0338981 -0.107466 0.0402961 0.091938 -0.297493 0.155821 0.00581078 -0.0705514 -0.071626 -0.117089 -0.0283203 0.0289752 0.197016 -0.200137 0.150475 0.163333 0.00250169 0.184 0.018175 0.0891066 -0.104812 -0.0882026 -0.137087 -0.149446 0.0337377 -0.000624044 0.0468733 0.0526745 
/d/_Fuji/Current/2025-11-26 - Валентина Ивановна/DSCF8959.JPG
1
-0.163629 0.0541169 0.0855053 -0.104762 -0.113794 -0.0874949 -0.00128682 -0.156588 0.179508 -0.118876 0.187555 -0.0604585 -0.192633 -0.035346 -0.0509501 0.169124 -0.120411 -0.150502 -0.135493 -0.076377 0.0288091 0.022924 -0.0313576 -0.00977826 -0.123205 -0.263527 -0.0813321 -0.116052 -0.0551411 -0.0160858 0.0719486 0.123921 -0.118856 -0.0267964 0.05799 0.057951 0.0232961 -0.0587074 0.222985 -0.0490242 -0.247528 -0.0527181 0.120856 0.236449 0.258252 0.0213055 -0.0232006 -0.126489 0.171341 -0.293992 -0.0651332 0.160208 0.0336031 0.0374264 0.100595 -0.0995816 0.0824897 0.0972155 -0.291924 -0.0530858 0.0916984 -0.150998 -0.0581561 -0.121014 0.211944 0.0938585 -0.147312 -0.0612412 0.221168 -0.164381 -0.0189251 0.0661869 -0.128308 -0.198019 -0.27151 -0.0622536 0.424706 0.156748 -0.127396 0.0225636 -0.166625 -0.0361727 0.016835 -0.032007 -0.0248856 -0.110325 -0.0689344 -0.037493 0.284218 -0.0683216 0.0833156 0.199222 0.00511016 -0.132148 -0.0670073 0.076194 -0.126872 -0.0246472 -0.134095 -0.0201157 -0.0282738 -0.112771 0.0495531 0.100015 -0.308104 0.155716 -0.00759084 -0.0680235 -0.0691541 -0.112293 -0.0249745 0.0323922 0.195873 -0.188496 0.162546 0.158985 0.00893272 0.1776 0.0155624 0.0711186 -0.105749 -0.0822961 -0.132475 -0.142259 0.0227125 0.00193194 0.0589357 0.0491505 
/d/_Fuji/Current/2025-11-26/DSCF8944.JPG
0
/d/_Fuji/Current/2025-11-26/DSCF8945.JPG
0
/d/_Fuji/Current/2025-11-26/DSCF8946.JPG
0
/d/_Fuji/Current/2025-11-26/DSCF8947.JPG
0
/d/_Fuji/Current/DSCF8941.JPG
0
/d/_Fuji/Current/t/DSCF8949.JPG
1
-0.184455 0.0578215 0.0564183 -0.084723 -0.130986 -0.0905918 -0.0338195 -0.168279 0.181234 -0.125161 0.170599 -0.0807582 -0.176037 -0.0462359 -0.0332054 0.151429 -0.0955545 -0.149928 -0.119396 -0.0787809 0.0210085 0.0361315 -0.03615 0.014855 -0.115325 -0.284008 -0.107362 -0.100255 -0.0572162 -0.0550116 0.0505282 0.113222 -0.120557 -0.0411994 0.0592652 0.0896516 0.0141471 -0.0550055 0.186664 -0.0626353 -0.241517 -0.037049 0.147859 0.250542 0.231294 0.0462616 -0.0380293 -0.115676 0.166393 -0.262889 -0.0633323 0.168937 0.031016 0.0265179 0.11773 -0.097925 0.0581014 0.0981121 -0.291523 -0.0173382 0.0951555 -0.132889 -0.0739863 -0.126871 0.220048 0.133129 -0.13922 -0.0846905 0.239504 -0.186369 -0.0263592 0.0740006 -0.118186 -0.226564 -0.249211 -0.0506686 0.393791 0.15499 -0.126694 0.024376 -0.122139 -0.0378838 0.00387304 -0.0100724 -0.0111605 -0.101565 -0.0736547 -0.0263963 0.288879 -0.0481574 0.0978283 0.204224 0.0158355 -0.130421 -0.0581285 0.0889323 -0.139123 -0.0315248 -0.153389 -0.0188761 -0.0083038 -0.117161 0.0386095 0.101442 -0.274012 0.167614 0.00232057 -0.074077 -0.0842686 -0.0890248 -0.0228595 0.031149 0.188922 -0.204343 0.185567 0.143369 0.0204579 0.183271 -0.00733131 0.0891431 -0.0746643 -0.0884692 -0.124734 -0.162696 -0.00538345 -0.018385 0.0286983 0.0573446 
